time,x,y,z,qx,qy,qz,qw,white_button_state,grey_button_state
1708440593.4638293,0.08811419677734375,-0.0,-0.06551071166992188,-0.49580348729796425,0.6789739524525062,-0.319276335915094,0.43730527555262255,0,0
1708440593.4721382,0.08811419677734375,-0.0,-0.06551071166992188,-0.4962373695746036,0.6786569011226825,-0.319555785629808,0.4371011104106973,0,0
1708440593.4804983,0.08811419677734375,-0.0,-0.06551071166992188,-0.49580348729796425,0.6789739524525062,-0.319276335915094,0.43730527555262255,0,0
1708440593.4888303,0.08811419677734375,-0.0,-0.06551071166992188,-0.49580348729796425,0.6789739524525062,-0.319276335915094,0.43730527555262255,0,0
1708440593.4971633,0.08811419677734375,-0.0,-0.06551071166992188,-0.4955993084195378,0.6786942980805492,-0.31959311875195073,0.43773920737279315,0,0
1708440593.5054886,0.08811419677734375,-0.0,-0.06551071166992188,-0.4952976079691594,0.6793431281103562,-0.31937952518136603,0.4372298154871639,0,0
1708440593.513833,0.08811419677734375,-0.0,-0.06551071166992188,-0.49580348729796425,0.6789739524525062,-0.319276335915094,0.43730527555262255,0,0
1708440593.5221164,0.08811419677734375,-0.0,-0.06551071166992188,-0.4955993084195378,0.6786942980805492,-0.31959311875195073,0.43773920737279315,0,0
1708440593.530489,0.08811419677734375,-0.0,-0.06551071166992188,-0.4955993084195378,0.6786942980805492,-0.31959311875195073,0.43773920737279315,0,0
1708440593.538823,0.08811419677734375,-0.0,-0.06551071166992188,-0.49509347959379135,0.6790634365092885,-0.3196966260157957,0.4376635262605205,0,0
1708440593.5471551,0.08811419677734375,-0.0,-0.06551071166992188,-0.4955993084195378,0.6786942980805492,-0.31959311875195073,0.43773920737279315,0,0
1708440593.5555494,0.08811419677734375,-0.0,-0.06551071166992188,-0.4955993084195378,0.6786942980805492,-0.31959311875195073,0.43773920737279315,0,0
1708440593.563821,0.08811419677734375,-0.0,-0.06551071166992188,-0.49573173275281796,0.6790264055136407,-0.31965891389436424,0.4370255803726574,0,0
1708440593.572156,0.08811419677734375,-0.0,-0.06551071166992188,-0.49573173275281796,0.6790264055136407,-0.31965891389436424,0.4370255803726574,0,0
1708440593.580487,0.08811419677734375,-0.0,-0.06551071166992188,-0.49580348729796425,0.6789739524525062,-0.319276335915094,0.43730527555262255,0,0
1708440593.588834,0.08811419677734375,-0.0,-0.06551071166992188,-0.49580348729796425,0.6789739524525062,-0.319276335915094,0.43730527555262255,0,0
1708440593.5971565,0.08811419677734375,-0.0,-0.06551071166992188,-0.49509347959379135,0.6790634365092885,-0.3196966260157957,0.4376635262605205,0,0
1708440593.6055002,0.08811419677734375,-0.0,-0.06551071166992188,-0.4955993084195378,0.6786942980805492,-0.31959311875195073,0.43773920737279315,0,0
1708440593.6138315,0.08811419677734375,-0.0,-0.06551071166992188,-0.49509347959379135,0.6790634365092885,-0.3196966260157957,0.4376635262605205,0,0
1708440593.622158,0.08811419677734375,-0.0,-0.06551071166992188,-0.4955993084195378,0.6786942980805492,-0.31959311875195073,0.43773920737279315,0,0
1708440593.6305003,0.08811419677734375,-0.0,-0.06551071166992188,-0.4955993084195378,0.6786942980805492,-0.31959311875195073,0.43773920737279315,0,0
1708440593.638824,0.08811419677734375,-0.0,-0.06551071166992188,-0.4955993084195378,0.6786942980805492,-0.31959311875195073,0.43773920737279315,0,0
1708440593.6471565,0.08811419677734375,-0.0,-0.06551071166992188,-0.4955993084195378,0.6786942980805492,-0.31959311875195073,0.43773920737279315,0,0
1708440593.65549,0.08811419677734375,-0.0,-0.06551071166992188,-0.4955993084195378,0.6786942980805492,-0.31959311875195073,0.43773920737279315,0,0
1708440593.6638227,0.08811419677734375,-0.0,-0.06551071166992188,-0.49580348729796425,0.6789739524525062,-0.319276335915094,0.43730527555262255,0,0
1708440593.6721563,0.08811419677734375,-0.0,-0.06551071166992188,-0.4955993084195378,0.6786942980805492,-0.31959311875195073,0.43773920737279315,0,0
1708440593.6805067,0.08811419677734375,-0.0,-0.06551071166992188,-0.49509347959379135,0.6790634365092885,-0.3196966260157957,0.4376635262605205,0,0
1708440593.688832,0.08811419677734375,-0.0,-0.06551071166992188,-0.4955993084195378,0.6786942980805492,-0.31959311875195073,0.43773920737279315,0,0
1708440593.697155,0.08811419677734375,-0.0,-0.06551071166992188,-0.4955993084195378,0.6786942980805492,-0.31959311875195073,0.43773920737279315,0,0
1708440593.7054884,0.08811419677734375,-0.0,-0.06551071166992188,-0.4955993084195378,0.6786942980805492,-0.31959311875195073,0.43773920737279315,0,0
1708440593.7138214,0.08811419677734375,-0.0,-0.06551071166992188,-0.4955993084195378,0.6786942980805492,-0.31959311875195073,0.43773920737279315,0,0
1708440593.7221563,0.08811419677734375,-0.0,-0.06551071166992188,-0.4955993084195378,0.6786942980805492,-0.31959311875195073,0.43773920737279315,0,0
1708440593.7304876,0.08811419677734375,-0.0,-0.06551071166992188,-0.49509347959379135,0.6790634365092885,-0.3196966260157957,0.4376635262605205,0,0
1708440593.7388217,0.08811419677734375,-0.0,-0.06551071166992188,-0.49580348729796425,0.6789739524525062,-0.319276335915094,0.43730527555262255,0,0
1708440593.7471626,0.08811419677734375,-0.0,-0.06551071166992188,-0.4955993084195378,0.6786942980805492,-0.31959311875195073,0.43773920737279315,0,0
1708440593.7554877,0.08811419677734375,-0.0,-0.06551071166992188,-0.49580348729796425,0.6789739524525062,-0.319276335915094,0.43730527555262255,0,0
1708440593.7638245,0.08811419677734375,-0.0,-0.06551071166992188,-0.4955993084195378,0.6786942980805492,-0.31959311875195073,0.43773920737279315,0,0
1708440593.7721186,0.08811419677734375,-0.0,-0.06551071166992188,-0.4955993084195378,0.6786942980805492,-0.31959311875195073,0.43773920737279315,0,0
1708440593.7804973,0.08811419677734375,-0.0,-0.06551071166992188,-0.49580348729796425,0.6789739524525062,-0.319276335915094,0.43730527555262255,0,0
1708440593.7888215,0.08811419677734375,-0.0,-0.06551071166992188,-0.4955993084195378,0.6786942980805492,-0.31959311875195073,0.43773920737279315,0,0
1708440593.7971551,0.08811419677734375,-0.0,-0.06551071166992188,-0.49580348729796425,0.6789739524525062,-0.319276335915094,0.43730527555262255,0,0
1708440593.8054903,0.08811419677734375,-0.0,-0.06551071166992188,-0.4962373695746036,0.6786569011226825,-0.319555785629808,0.4371011104106973,0,0
1708440593.8138218,0.08811419677734375,-0.0,-0.06551071166992188,-0.4955993084195378,0.6786942980805492,-0.31959311875195073,0.43773920737279315,0,0
1708440593.8221664,0.08811419677734375,-0.0,-0.06551071166992188,-0.4955993084195378,0.6786942980805492,-0.31959311875195073,0.43773920737279315,0,0
1708440593.8304894,0.08811419677734375,-0.0,-0.06551071166992188,-0.4955993084195378,0.6786942980805492,-0.31959311875195073,0.43773920737279315,0,0
1708440593.838822,0.08811419677734375,-0.0,-0.06551071166992188,-0.4955993084195378,0.6786942980805492,-0.31959311875195073,0.43773920737279315,0,0
1708440593.847155,0.08811419677734375,-0.0,-0.06551071166992188,-0.49580348729796425,0.6789739524525062,-0.319276335915094,0.43730527555262255,0,0
1708440593.855447,0.08811419677734375,-0.0,-0.06551071166992188,-0.4955993084195378,0.6786942980805492,-0.31959311875195073,0.43773920737279315,0,0
1708440593.863824,0.08811419677734375,-0.0,-0.06551071166992188,-0.4955993084195378,0.6786942980805492,-0.31959311875195073,0.43773920737279315,0,0
1708440593.8721552,0.08811419677734375,-0.0,-0.06551071166992188,-0.4955993084195378,0.6786942980805492,-0.31959311875195073,0.43773920737279315,0,0
1708440593.8804877,0.08811419677734375,-0.0,-0.06551071166992188,-0.49580348729796425,0.6789739524525062,-0.319276335915094,0.43730527555262255,0,0
1708440593.8888211,0.08811419677734375,-0.0,-0.06551071166992188,-0.4955993084195378,0.6786942980805492,-0.31959311875195073,0.43773920737279315,0,0
1708440593.8971553,0.08811419677734375,-0.0,-0.06551071166992188,-0.49580348729796425,0.6789739524525062,-0.319276335915094,0.43730527555262255,0,0
1708440593.9054894,0.08811419677734375,-0.0,-0.06551071166992188,-0.49509347959379135,0.6790634365092885,-0.3196966260157957,0.4376635262605205,0,0
1708440593.913822,0.08811419677734375,-0.0,-0.06551071166992188,-0.4955993084195378,0.6786942980805492,-0.31959311875195073,0.43773920737279315,0,0
1708440593.9221556,0.08811419677734375,-0.0,-0.06551071166992188,-0.4955993084195378,0.6786942980805492,-0.31959311875195073,0.43773920737279315,0,0
1708440593.9304886,0.08811419677734375,-0.0,-0.06551071166992188,-0.49580348729796425,0.6789739524525062,-0.319276335915094,0.43730527555262255,0,0
1708440593.9388208,0.08811419677734375,-0.0,-0.06551071166992188,-0.4960330122197606,0.6783773796401102,-0.3198728569237035,0.43753484451942726,0,0
1708440593.947158,0.08811419677734375,-0.0,-0.06551071166992188,-0.49580348729796425,0.6789739524525062,-0.319276335915094,0.43730527555262255,0,0
1708440593.9554896,0.08811419677734375,-0.0,-0.06551071166992188,-0.4955993084195378,0.6786942980805492,-0.31959311875195073,0.43773920737279315,0,0
1708440593.9638216,0.08811419677734375,-0.0,-0.06551071166992188,-0.4952976079691594,0.6793431281103562,-0.31937952518136603,0.4372298154871639,0,0
1708440593.9721582,0.08811419677734375,-0.0,-0.06551071166992188,-0.4955993084195378,0.6786942980805492,-0.31959311875195073,0.43773920737279315,0,0
1708440593.9804485,0.08811419677734375,-0.0,-0.06551071166992188,-0.4955993084195378,0.6786942980805492,-0.31959311875195073,0.43773920737279315,0,0
1708440593.9888234,0.08811419677734375,-0.0,-0.06551071166992188,-0.4955993084195378,0.6786942980805492,-0.31959311875195073,0.43773920737279315,0,0
1708440593.9971552,0.08811419677734375,-0.0,-0.06551071166992188,-0.4955993084195378,0.6786942980805492,-0.31959311875195073,0.43773920737279315,0,0
1708440594.0054896,0.08811419677734375,-0.0,-0.06551071166992188,-0.49580348729796425,0.6789739524525062,-0.319276335915094,0.43730527555262255,0,0
1708440594.0138237,0.08811419677734375,-0.0,-0.06551071166992188,-0.4955993084195378,0.6786942980805492,-0.31959311875195073,0.43773920737279315,0,0
1708440594.0221562,0.08811419677734375,-0.0,-0.06551071166992188,-0.49509347959379135,0.6790634365092885,-0.3196966260157957,0.4376635262605205,0,0
1708440594.030488,0.08811419677734375,-0.0,-0.06551071166992188,-0.4952976079691594,0.6793431281103562,-0.31937952518136603,0.4372298154871639,0,0
1708440594.0388212,0.08811419677734375,-0.0,-0.06551071166992188,-0.4955993084195378,0.6786942980805492,-0.31959311875195073,0.43773920737279315,0,0
1708440594.0471377,0.08811419677734375,-0.0,-0.06551071166992188,-0.4960330122197606,0.6783773796401102,-0.3198728569237035,0.43753484451942726,0,0
1708440594.055465,0.08811419677734375,-0.0,-0.06551071166992188,-0.49580348729796425,0.6789739524525062,-0.319276335915094,0.43730527555262255,0,0
1708440594.0638242,0.08811419677734375,-0.0,-0.06551071166992188,-0.4955993084195378,0.6786942980805492,-0.31959311875195073,0.43773920737279315,0,0
1708440594.0721664,0.08811419677734375,-0.0,-0.06551071166992188,-0.4955993084195378,0.6786942980805492,-0.31959311875195073,0.43773920737279315,0,0
1708440594.0804896,0.08811419677734375,-0.0,-0.06551071166992188,-0.4955274213434012,0.678746838614968,-0.3199763068532419,0.4374590875033148,0,0
1708440594.088826,0.08811419677734375,-0.0,-0.06551071166992188,-0.4952976079691594,0.6793431281103562,-0.31937952518136603,0.4372298154871639,0,0
1708440594.09716,0.08811419677734375,-0.0,-0.06551071166992188,-0.49580348729796425,0.6789739524525062,-0.319276335915094,0.43730527555262255,0,0
1708440594.1054888,0.08811419677734375,-0.0,-0.06551071166992188,-0.49509347959379135,0.6790634365092885,-0.3196966260157957,0.4376635262605205,0,0
1708440594.1138225,0.08811419677734375,-0.0,-0.06551071166992188,-0.49509347959379135,0.6790634365092885,-0.3196966260157957,0.4376635262605205,0,0
1708440594.122156,0.08811419677734375,-0.0,-0.06551071166992188,-0.4955993084195378,0.6786942980805492,-0.31959311875195073,0.43773920737279315,0,0
1708440594.1304884,0.08811419677734375,-0.0,-0.06551071166992188,-0.4955993084195378,0.6786942980805492,-0.31959311875195073,0.43773920737279315,0,0
1708440594.1388242,0.08811419677734375,-0.0,-0.06551071166992188,-0.49580348729796425,0.6789739524525062,-0.319276335915094,0.43730527555262255,0,0
1708440594.1471605,0.08811419677734375,-0.0,-0.06551071166992188,-0.49580348729796425,0.6789739524525062,-0.319276335915094,0.43730527555262255,0,0
1708440594.1554904,0.08811419677734375,-0.0,-0.06551071166992188,-0.4955993084195378,0.6786942980805492,-0.31959311875195073,0.43773920737279315,0,0
1708440594.1638246,0.08811419677734375,-0.0,-0.06551071166992188,-0.4955993084195378,0.6786942980805492,-0.31959311875195073,0.43773920737279315,0,0
1708440594.1721556,0.08811419677734375,-0.0,-0.06551071166992188,-0.49580348729796425,0.6789739524525062,-0.319276335915094,0.43730527555262255,0,0
1708440594.180489,0.08811419677734375,-0.0,-0.06551071166992188,-0.4955993084195378,0.6786942980805492,-0.31959311875195073,0.43773920737279315,0,0
1708440594.1888218,0.08811419677734375,-0.0,-0.06551071166992188,-0.49509347959379135,0.6790634365092885,-0.3196966260157957,0.4376635262605205,0,0
1708440594.197155,0.08811419677734375,-0.0,-0.06551071166992188,-0.4955993084195378,0.6786942980805492,-0.31959311875195073,0.43773920737279315,0,0
1708440594.205488,0.08811419677734375,-0.0,-0.06551071166992188,-0.4955993084195378,0.6786942980805492,-0.31959311875195073,0.43773920737279315,0,0
1708440594.213822,0.08811419677734375,-0.0,-0.06551071166992188,-0.4960330122197606,0.6783773796401102,-0.3198728569237035,0.43753484451942726,0,0
1708440594.222155,0.08811419677734375,-0.0,-0.06551071166992188,-0.4952976079691594,0.6793431281103562,-0.31937952518136603,0.4372298154871639,0,0
1708440594.2304928,0.08811419677734375,-0.0,-0.06551071166992188,-0.4952976079691594,0.6793431281103562,-0.31937952518136603,0.4372298154871639,0,0
1708440594.238822,0.08811419677734375,-0.0,-0.06551071166992188,-0.4955993084195378,0.6786942980805492,-0.31959311875195073,0.43773920737279315,0,0
1708440594.2471554,0.08811419677734375,-0.0,-0.06551071166992188,-0.4955993084195378,0.6786942980805492,-0.31959311875195073,0.43773920737279315,0,0
1708440594.2554889,0.08811419677734375,-0.0,-0.06551071166992188,-0.4955993084195378,0.6786942980805492,-0.31959311875195073,0.43773920737279315,0,0
1708440594.263824,0.08811419677734375,-0.0,-0.06551071166992188,-0.4955993084195378,0.6786942980805492,-0.31959311875195073,0.43773920737279315,0,0
1708440594.2721574,0.08811419677734375,-0.0,-0.06551071166992188,-0.4952976079691594,0.6793431281103562,-0.31937952518136603,0.4372298154871639,0,0
1708440594.280491,0.08811419677734375,-0.0,-0.06551071166992188,-0.49580348729796425,0.6789739524525062,-0.319276335915094,0.43730527555262255,0,0
1708440594.2888265,0.08811419677734375,-0.0,-0.06551071166992188,-0.4962373695746036,0.6786569011226825,-0.319555785629808,0.4371011104106973,0,0
1708440594.2971568,0.08811419677734375,-0.0,-0.06551071166992188,-0.4955993084195378,0.6786942980805492,-0.31959311875195073,0.43773920737279315,0,0
1708440594.3054912,0.08811419677734375,-0.0,-0.06551071166992188,-0.49509347959379135,0.6790634365092885,-0.3196966260157957,0.4376635262605205,0,0
1708440594.3138256,0.08811419677734375,-0.0,-0.06551071166992188,-0.4955993084195378,0.6786942980805492,-0.31959311875195073,0.43773920737279315,0,0
1708440594.3221593,0.08811419677734375,-0.0,-0.06551071166992188,-0.4962373695746036,0.6786569011226825,-0.319555785629808,0.4371011104106973,0,0
1708440594.3304963,0.08811419677734375,-0.0,-0.06551071166992188,-0.49509347959379135,0.6790634365092885,-0.3196966260157957,0.4376635262605205,0,0
1708440594.338823,0.08811419677734375,-0.0,-0.06551071166992188,-0.49580348729796425,0.6789739524525062,-0.319276335915094,0.43730527555262255,0,0
1708440594.3471568,0.08811419677734375,-0.0,-0.06551071166992188,-0.49509347959379135,0.6790634365092885,-0.3196966260157957,0.4376635262605205,0,0
1708440594.3554883,0.08811419677734375,-0.0,-0.06551071166992188,-0.4955993084195378,0.6786942980805492,-0.31959311875195073,0.43773920737279315,0,0
1708440594.363824,0.08811419677734375,-0.0,-0.06551071166992188,-0.4952976079691594,0.6793431281103562,-0.31937952518136603,0.4372298154871639,0,0
1708440594.3721642,0.08811419677734375,-0.0,-0.06551071166992188,-0.49573173275281796,0.6790264055136407,-0.31965891389436424,0.4370255803726574,0,0
1708440594.3804903,0.08811419677734375,-0.0,-0.06551071166992188,-0.49580348729796425,0.6789739524525062,-0.319276335915094,0.43730527555262255,0,0
1708440594.388825,0.08811419677734375,-0.0,-0.06551071166992188,-0.4955274213434012,0.678746838614968,-0.3199763068532419,0.4374590875033148,0,0
1708440594.3971581,0.08811419677734375,-0.0,-0.06551071166992188,-0.4952976079691594,0.6793431281103562,-0.31937952518136603,0.4372298154871639,0,0
1708440594.405491,0.08811419677734375,-0.0,-0.06551071166992188,-0.4962373695746036,0.6786569011226825,-0.319555785629808,0.4371011104106973,0,0
1708440594.4138243,0.08811419677734375,-0.0,-0.06551071166992188,-0.4960330122197606,0.6783773796401102,-0.3198728569237035,0.43753484451942726,0,0
1708440594.4221573,0.08811419677734375,-0.0,-0.06551071166992188,-0.4962373695746036,0.6786569011226825,-0.319555785629808,0.4371011104106973,0,0
1708440594.4304893,0.08811419677734375,-0.0,-0.06551071166992188,-0.49580348729796425,0.6789739524525062,-0.319276335915094,0.43730527555262255,0,0
1708440594.4388237,0.08811419677734375,-0.0,-0.06551071166992188,-0.4955993084195378,0.6786942980805492,-0.31959311875195073,0.43773920737279315,0,0
1708440594.4471567,0.08811419677734375,-0.0,-0.06551071166992188,-0.4948891735358988,0.6787834567839408,-0.32001361858101535,0.4380970449963038,0,0
1708440594.455491,0.08811419677734375,-0.0,-0.06551071166992188,-0.4948891735358988,0.6787834567839408,-0.32001361858101535,0.4380970449963038,0,0
1708440594.4638236,0.08811419677734375,-0.0,-0.06551071166992188,-0.49539490707313844,0.6784143719317667,-0.3199097857712779,0.43817295862401084,0,0
1708440594.4721587,0.08811419677734375,-0.0,-0.06551071166992188,-0.49539490707313844,0.6784143719317667,-0.3199097857712779,0.43817295862401084,0,0
1708440594.480492,0.08811419677734375,-0.0,-0.06551071166992188,-0.4948891735358988,0.6787834567839408,-0.32001361858101535,0.4380970449963038,0,0
1708440594.4888253,0.08811419677734375,-0.0,-0.06551071166992188,-0.49539490707313844,0.6784143719317667,-0.3199097857712779,0.43817295862401084,0,0
1708440594.497158,0.08811419677734375,-0.0,-0.06551071166992188,-0.49539490707313844,0.6784143719317667,-0.3199097857712779,0.43817295862401084,0,0
1708440594.5054464,0.08811419677734375,-0.0,-0.06551071166992188,-0.49539490707313844,0.6784143719317667,-0.3199097857712779,0.43817295862401084,0,0
1708440594.5137987,0.08811419677734375,-0.0,-0.06551071166992188,-0.4955993084195378,0.6786942980805492,-0.31959311875195073,0.43773920737279315,0,0
1708440594.5221558,0.08811419677734375,-0.0,-0.06551071166992188,-0.4955993084195378,0.6786942980805492,-0.31959311875195073,0.43773920737279315,0,0
1708440594.530491,0.08811419677734375,-0.0,-0.06551071166992188,-0.4955993084195378,0.6786942980805492,-0.31959311875195073,0.43773920737279315,0,0
1708440594.5388205,0.08811419677734375,-0.0,-0.06551071166992188,-0.49539490707313844,0.6784143719317667,-0.3199097857712779,0.43817295862401084,0,0
1708440594.5471585,0.08811419677734375,-0.0,-0.06551071166992188,-0.4948891735358988,0.6787834567839408,-0.32001361858101535,0.4380970449963038,0,0
1708440594.555492,0.08811419677734375,-0.0,-0.06551071166992188,-0.4948891735358988,0.6787834567839408,-0.32001361858101535,0.4380970449963038,0,0
1708440594.563825,0.08811419677734375,-0.0,-0.06551071166992188,-0.49509347959379135,0.6790634365092885,-0.3196966260157957,0.4376635262605205,0,0
1708440594.572156,0.08811419677734375,-0.0,-0.06551071166992188,-0.4945874721706422,0.6794322948809107,-0.31980002052237577,0.4375876362212324,0,0
1708440594.5804923,0.08811419677734375,-0.0,-0.06551071166992188,-0.4948891735358988,0.6787834567839408,-0.32001361858101535,0.4380970449963038,0,0
1708440594.5888214,0.08811419677734375,-0.0,-0.06551071166992188,-0.4945874721706422,0.6794322948809107,-0.31980002052237577,0.4375876362212324,0,0
1708440594.5971603,0.08811419677734375,-0.0,-0.06551071166992188,-0.49481722296445374,0.6788361276116903,-0.3203972233074726,0.43781624653534357,0,0
1708440594.6054883,0.08811419677734375,-0.0,-0.06551071166992188,-0.4948891735358988,0.6787834567839408,-0.32001361858101535,0.4380970449963038,0,0
1708440594.6138232,0.08811419677734375,-0.0,-0.06551071166992188,-0.4948891735358988,0.6787834567839408,-0.32001361858101535,0.4380970449963038,0,0
1708440594.622156,0.08811419677734375,-0.0,-0.06551071166992188,-0.4948891735358988,0.6787834567839408,-0.32001361858101535,0.4380970449963038,0,0
1708440594.630492,0.08811419677734375,-0.0,-0.06551071166992188,-0.4955993084195378,0.6786942980805492,-0.31959311875195073,0.43773920737279315,0,0
1708440594.638823,0.08811419677734375,-0.0,-0.06551071166992188,-0.4948891735358988,0.6787834567839408,-0.32001361858101535,0.4380970449963038,0,0
1708440594.647156,0.08811419677734375,-0.0,-0.06551071166992188,-0.49509347959379135,0.6790634365092885,-0.3196966260157957,0.4376635262605205,0,0
1708440594.6554894,0.08811419677734375,-0.0,-0.06551071166992188,-0.4955993084195378,0.6786942980805492,-0.31959311875195073,0.43773920737279315,0,0
1708440594.6638253,0.08811419677734375,-0.0,-0.06551071166992188,-0.4949611849574467,0.6787308834081577,-0.3196296444814445,0.43837735207550743,0,0
1708440594.6721566,0.08811419677734375,-0.0,-0.06551071166992188,-0.49429695649813526,0.6796433883910046,-0.31875313709032677,0.43835123966247985,0,0
1708440594.68049,0.08811419677734375,-0.0,-0.06551071166992188,-0.4938624345575515,0.6799591935497498,-0.3184729030833625,0.43855489114179086,0,0
1708440594.6888328,0.08811419677734375,-0.0,-0.06551071166992188,-0.4929928118964924,0.6805899783609323,-0.31791200257705876,0.4389616669178144,0,0
1708440594.6971583,0.08811419677734375,-0.0,-0.06551071166992188,-0.4921223585201124,0.6812196459044867,-0.31735058325254045,0.4393677100065388,0,0
1708440594.705497,0.08811419677734375,-0.0,-0.06551071166992188,-0.4912511080245273,0.6818482074709861,-0.3167886385417133,0.43977303900579295,0,0
1708440594.713834,0.08811419677734375,-0.0,-0.06551071166992188,-0.4898704041896481,0.6828408972991464,-0.31633028592279944,0.4401027647045977,0,0
1708440594.7221546,0.08811419677734375,-0.0,-0.06551071166992188,-0.48754086624010234,0.6845066868141602,-0.3156938785805765,0.4405586061586431,0,0
1708440594.7304893,0.08811419677734375,-0.0,-0.06551071166992188,-0.4867941057369406,0.6854631992364904,-0.3152024637031723,0.44024891143808365,0,0
1708440594.738823,0.08811419677734375,-0.0,-0.06551071166992188,-0.48540656119590114,0.6864471555956551,-0.31474294964064226,0.44057651038402545,0,0
1708440594.7471564,0.08811419677734375,-0.0,-0.06551071166992188,-0.4849676933222738,0.6867572798568754,-0.3144612581330244,0.4407775992522292,0,0
1708440594.7554893,0.08811419677734375,-0.0,-0.06551071166992188,-0.4840170652010053,0.6874284110943728,-0.3142829700681366,0.440903462291127,0,0
1708440594.7638314,0.08811419677734375,-0.0,-0.06551071166992188,-0.4833375285215661,0.6883290937770752,-0.3134063305465981,0.440867734418826,0,0
1708440594.7721562,0.08811419677734375,-0.0,-0.06551071166992188,-0.48269799453063295,0.6883552714974419,-0.31343693060684386,0.4415053070579973,0,0
1708440594.7804873,0.08811419677734375,-0.0,-0.06551071166992188,-0.48556845388382786,0.6859066201343326,-0.3131235158218654,0.4423901545048397,0,0
1708440594.7888336,0.08811419677734375,-0.0,-0.06551071166992188,-0.48512993727735076,0.6862168529631416,-0.31284067789975784,0.442590208092874,0,0
1708440594.797155,0.08811419677734375,-0.0,-0.06551071166992188,-0.48461851161860187,0.6865781840910393,-0.31294533511756584,0.44251611970488247,0,0
1708440594.8054895,0.08811419677734375,-0.0,-0.06551071166992188,-0.4841795706898359,0.6868878044726004,-0.31266241708372094,0.4427160660696254,0,0
1708440594.813823,0.08811419677734375,-0.0,-0.06551071166992188,-0.48386726873630187,0.6875315003331122,-0.3124565230176907,0.44220336358124457,0,0
1708440594.8221552,0.08811419677734375,-0.0,-0.06551071166992188,-0.48449131242464655,0.686243640539272,-0.31286740755444015,0.4432288384288342,0,0
1708440594.830489,0.08811419677734375,-0.0,-0.06551071166992188,-0.4846912163125596,0.6865267990919919,-0.31255770520311343,0.44279008129712505,0,0
1708440594.8388226,0.08811419677734375,-0.0,-0.06551071166992188,-0.4846912163125596,0.6865267990919919,-0.31255770520311343,0.44279008129712505,0,0
1708440594.8471544,0.08811419677734375,-0.0,-0.06551071166992188,-0.4846912163125596,0.6865267990919919,-0.31255770520311343,0.44279008129712505,0,0
1708440594.8554895,0.08811419677734375,-0.0,-0.06551071166992188,-0.48425229555464966,0.6868364670447756,-0.31227461537994644,0.44298976911442434,0,0
1708440594.863822,0.08811419677734375,-0.0,-0.06551071166992188,-0.4847639888480138,0.6864755025003539,-0.3121697383231878,0.44306356014806597,0,0
1708440594.872157,0.08811419677734375,-0.0,-0.06551071166992188,-0.4847639888480138,0.6864755025003539,-0.3121697383231878,0.44306356014806597,0,0
1708440594.8804917,0.08811419677734375,-0.0,-0.06551071166992188,-0.48496355827058685,0.6867584651012867,-0.3118605303338694,0.4426241691864051,0,0
1708440594.8888216,0.08811419677734375,-0.0,-0.06551071166992188,-0.48496355827058685,0.6867584651012867,-0.3118605303338694,0.4426241691864051,0,0
1708440594.8971536,0.08811419677734375,-0.0,-0.06551071166992188,-0.48496355827058685,0.6867584651012867,-0.3118605303338694,0.4426241691864051,0,0
1708440594.905488,0.08811419677734375,-0.0,-0.06551071166992188,-0.4852026679856117,0.6861655087693075,-0.31245288263497867,0.4428639348402553,0,0
1708440594.913821,0.08811419677734375,-0.0,-0.06551071166992188,-0.4846912163125596,0.6865267990919919,-0.31255770520311343,0.44279008129712505,0,0
1708440594.922137,0.08811419677734375,-0.0,-0.06551071166992188,-0.4846912163125596,0.6865267990919919,-0.31255770520311343,0.44279008129712505,0,0
1708440594.9304988,0.08811419677734375,-0.0,-0.06551071166992188,-0.48425229555464966,0.6868364670447756,-0.31227461537994644,0.44298976911442434,0,0
1708440594.9388287,0.08811419677734375,-0.0,-0.06551071166992188,-0.4846912163125596,0.6865267990919919,-0.31255770520311343,0.44279008129712505,0,0
1708440594.947156,0.08811419677734375,-0.0,-0.06551071166992188,-0.48425229555464966,0.6868364670447756,-0.31227461537994644,0.44298976911442434,0,0
1708440594.9554882,0.08811419677734375,-0.0,-0.06551071166992188,-0.48489089231474797,0.6868096781823776,-0.3122478863064142,0.44235113911750285,0,0
1708440594.9638276,0.08811419677734375,-0.0,-0.06551071166992188,-0.4846912163125596,0.6865267990919919,-0.31255770520311343,0.44279008129712505,0,0
1708440594.972155,0.08811419677734375,-0.0,-0.06551071166992188,-0.4852026679856117,0.6861655087693075,-0.31245288263497867,0.4428639348402553,0,0
1708440594.9804702,0.08811419677734375,-0.0,-0.06551071166992188,-0.4852026679856117,0.6861655087693075,-0.31245288263497867,0.4428639348402553,0,0
1708440594.9888232,0.08811419677734375,-0.0,-0.06551071166992188,-0.4846912163125596,0.6865267990919919,-0.31255770520311343,0.44279008129712505,0,0
1708440594.9971616,0.08811419677734375,-0.0,-0.06551071166992188,-0.4846912163125596,0.6865267990919919,-0.31255770520311343,0.44279008129712505,0,0
1708440595.0054913,0.08811419677734375,-0.0,-0.06551071166992188,-0.4846912163125596,0.6865267990919919,-0.31255770520311343,0.44279008129712505,0,0
1708440595.0138214,0.08811419677734375,-0.0,-0.06551071166992188,-0.48489089231474797,0.6868096781823776,-0.3122478863064142,0.44235113911750285,0,0
1708440595.022154,0.08811419677734375,-0.0,-0.06551071166992188,-0.4846912163125596,0.6865267990919919,-0.31255770520311343,0.44279008129712505,0,0
1708440595.0304873,0.08811419677734375,-0.0,-0.06551071166992188,-0.48489089231474797,0.6868096781823776,-0.3122478863064142,0.44235113911750285,0,0
1708440595.0388224,0.08811419677734375,-0.0,-0.06551071166992188,-0.48489089231474797,0.6868096781823776,-0.3122478863064142,0.44235113911750285,0,0
1708440595.047154,0.08811419677734375,-0.0,-0.06551071166992188,-0.48489089231474797,0.6868096781823776,-0.3122478863064142,0.44235113911750285,0,0
1708440595.0554564,0.08811419677734375,-0.0,-0.06551071166992188,-0.4858410982642451,0.6861379417447061,-0.3124261109263489,0.44222513353034254,0,0
1708440595.063824,0.08811419677734375,-0.0,-0.06551071166992188,-0.48564115880611114,0.68585523642119,-0.31273588850888284,0.4426641350923621,0,0
1708440595.0721552,0.08811419677734375,-0.0,-0.06551071166992188,-0.4853297971693106,0.6864996047244563,-0.31253057366479164,0.44215146001740346,0,0
1708440595.080488,0.08811419677734375,-0.0,-0.06551071166992188,-0.48512993727735076,0.6862168529631416,-0.31284067789975784,0.442590208092874,0,0
1708440595.088822,0.08811419677734375,-0.0,-0.06551071166992188,-0.48512993727735076,0.6862168529631416,-0.31284067789975784,0.442590208092874,0,0
1708440595.09716,0.08811419677734375,-0.0,-0.06551071166992188,-0.48512993727735076,0.6862168529631416,-0.31284067789975784,0.442590208092874,0,0
1708440595.1054904,0.08811419677734375,-0.0,-0.06551071166992188,-0.48512993727735076,0.6862168529631416,-0.31284067789975784,0.442590208092874,0,0
1708440595.113822,0.08737629699707031,-3.329630196094513e-05,-0.06523276519775391,-0.4864153947462934,0.6877353845051779,-0.3109689284854464,0.44013456787078525,0,0
1708440595.1221547,0.08654043579101563,-3.364000469446182e-05,-0.06465856170654297,-0.48800259098557475,0.6899798572189978,-0.3084751612901821,0.43660547390892607,0,0
1708440595.1304896,0.08577520751953124,-3.395466506481171e-05,-0.0640059814453125,-0.48810244226755134,0.6922845192291648,-0.306919994047888,0.4339334760049541,0,0
1708440595.138832,0.08496060943603516,-0.0,-0.06322666549682618,-0.4890040227609369,0.6938589552859316,-0.30534708900546675,0.43150663121466204,0,0
1708440595.1471586,0.08434262847900391,-0.0,-0.06242157363891602,-0.4883961287496417,0.6959588497040581,-0.30364763526663313,0.43001001281096124,0,0
1708440595.155488,0.08368074035644531,-0.0,-0.06162931442260742,-0.48886213009846613,0.6974257143815956,-0.3016176249744088,0.42853004654766624,0,0
1708440595.1638234,0.08300885772705079,-0.0,-0.060883548736572264,-0.48817255111708746,0.6992853255517321,-0.29974663661394024,0.427597420465903,0,0
1708440595.1721625,0.08229346466064454,-0.0,-0.06001084899902344,-0.4866388023368073,0.701980706077975,-0.2975337561238448,0.42647324342526777,0,0
1708440595.1804976,0.08165110778808594,-0.0,-0.05934079742431641,-0.4863814933362532,0.7033921608406761,-0.29564333178902535,0.4257552611733641,0,0
1708440595.1888206,0.08104737854003906,-0.0,-0.058701446533203125,-0.48413630539595476,0.7060380962738736,-0.29356960345432875,0.4253694233899108,0,0
1708440595.1971622,0.08068074798583984,-0.0,-0.05830855941772461,-0.4835742668737576,0.7070253408827883,-0.29215796055147814,0.4253408352060586,0,0
1708440595.2054918,0.08034898376464844,-0.0,-0.057949970245361325,-0.48225354000101617,0.7080016852804307,-0.2912877389360718,0.42581285337891284,0,0
1708440595.2138255,0.08015062713623047,-0.0,-0.057734165191650394,-0.48093680820013895,0.7088617633904883,-0.2900893370962085,0.42668834782440596,0,0
1708440595.222111,0.08001868438720704,-0.0,-0.05759003067016601,-0.47944288420702347,0.7095844025896886,-0.289494006392213,0.42757188550537106,0,0
1708440595.2304869,0.07995279693603516,-0.0,-0.057517879486083986,-0.4783412651343727,0.7097848466570339,-0.2889505099869474,0.4288387943567124,0,0
1708440595.2388268,0.07991987609863281,-0.0,-0.05748178482055664,-0.47781916750522985,0.7098649785232353,-0.2884686691461599,0.42961191066501764,0,0
1708440595.2471554,0.07988697052001953,-0.0,-0.0574456787109375,-0.47614729903507536,0.7103175037894198,-0.2881547704029534,0.43092878064569196,0,0
1708440595.255491,0.07985408020019531,-0.0,-0.0574095573425293,-0.47607923543398584,0.710091456887138,-0.2879429259400559,0.4315177326189548,0,0
1708440595.2638252,0.07978834533691406,-0.0,-0.057337272644042966,-0.4749776165366598,0.7102852727225688,-0.28738161442686494,0.43278505728198563,0,0
1708440595.2721567,0.07965083312988282,3.647300228476525e-05,-0.05733032989501953,-0.47500708278010384,0.710647348259693,-0.2871801270706785,0.4322917954866061,0,0
1708440595.280491,0.07951328277587891,3.652956336736679e-05,-0.05732320022583008,-0.47454415877743267,0.7109391008086574,-0.2869150013349289,0.43249649084682573,0,0
1708440595.2888305,0.07930378723144531,3.661570698022842e-05,-0.057381126403808595,-0.4744673276149869,0.7107015181413516,-0.28670810048811624,0.43310804481274634,0,0
1708440595.2971542,0.07898939514160157,7.348997890949249e-05,-0.057467369079589846,-0.474360592036447,0.7107383559150703,-0.2863938728673222,0.4333723452320699,0,0
1708440595.3054914,0.07862234497070313,0.00011068779230117797,-0.057567020416259766,-0.4737437850661929,0.7112413768253956,-0.2865550413266139,0.43311517435655933,0,0
1708440595.3138258,0.07814997100830078,0.00011127051711082459,-0.05769359970092774,-0.47377343591843074,0.7111697839284832,-0.28615895756296067,0.4334620393839308,0,0
1708440595.322159,0.07762461853027344,0.00014922484755516051,-0.05783220672607422,-0.4743518776130006,0.7112583206801276,-0.2857282163338693,0.43296798742934584,0,0
1708440595.3304908,0.07706554412841797,0.00015014439821243287,-0.05793141937255859,-0.47435148326045534,0.7122559060290049,-0.28468602382282665,0.4320139375435983,0,0
1708440595.3388212,0.07650582885742188,0.00015106502175331115,-0.05802804183959961,-0.47462228069211654,0.7126735565804014,-0.28422012914616157,0.43133398259583866,0,0
1708440595.3471563,0.07584597778320312,0.00011411271244287491,-0.05800885391235352,-0.47572053372040884,0.7129179779448862,-0.28321617540028193,0.430379527566039,0,0
1708440595.3554928,0.07521859741210937,0.00011488664150238037,-0.058023601531982424,-0.47730125372200055,0.7131062612612489,-0.28193300376332303,0.4291581790272241,0,0
1708440595.3638232,0.07452428436279297,0.00011574314534664153,-0.05795821380615234,-0.47899126591022523,0.7134663438835372,-0.2804460410613323,0.4276484020630615,0,0
1708440595.3721557,0.07388233947753907,0.00011653504520654678,-0.05787610626220703,-0.48043765213503065,0.7134647356917635,-0.2793468384861045,0.4267470649778714,0,0
1708440595.3804903,0.07331301116943359,0.00011723737418651581,-0.05772759628295898,-0.48182267382395566,0.7133751698734889,-0.27833652353950855,0.42599477519901235,0,0
1708440595.3888226,0.07256413269042969,0.00011816118657588958,-0.05766071701049805,-0.4832390115737047,0.7132450738028756,-0.27687802570830256,0.4255585528831773,0,0
1708440595.397155,0.07178163146972656,0.00011912647634744644,-0.057549091339111326,-0.4841559393496542,0.7135717378090037,-0.27592145292077946,0.42458892381938157,0,0
1708440595.405488,0.0709781951904297,0.00012011759728193283,-0.057481948852539065,-0.48511389329240795,0.7138693061932853,-0.27451223225208615,0.4239082018604188,0,0
1708440595.4138231,0.06999350738525391,0.0001213323026895523,-0.057490097045898435,-0.4860098801822505,0.7141870989908121,-0.27354065161102326,0.42297362702798424,0,0
1708440595.4221551,0.06916777038574219,0.00012235093116760254,-0.05746005249023438,-0.4862787391449882,0.714557454879729,-0.27258984513451134,0.42265281058584,0,0
1708440595.4304888,0.06814780426025391,0.00012360915541648865,-0.05741147613525391,-0.48740078219365174,0.7152280217612004,-0.2712088971318974,0.42111173438350347,0,0
1708440595.438823,0.06723388671875,0.000166315495967865,-0.05733546447753906,-0.48808200571020655,0.7155604339607767,-0.2704027350810858,0.4202755993557437,0,0
1708440595.4471617,0.06630731964111328,0.0002517595291137695,-0.05715988159179688,-0.4886667096876282,0.7160795478777531,-0.2695757592476017,0.41924197314563166,0,0
1708440595.4554906,0.0655323257446289,0.0003382293283939362,-0.05709375,-0.4880771419476518,0.7169044424311662,-0.26906893186103187,0.4188443940331464,0,0
1708440595.4638224,0.0645841064453125,0.0004693558216094971,-0.05695323181152344,-0.48850677945564586,0.7175256418172048,-0.268316966616777,0.4177608062173351,0,0
1708440595.4721553,0.06374343872070312,0.0006452196836471557,-0.05678947067260742,-0.48962539557162543,0.7174322108691805,-0.2679081847958001,0.4168731194483138,0,0
1708440595.4804714,0.06262289810180664,0.000912994921207428,-0.056560546875,-0.48869084266536045,0.7190810975111368,-0.26722624901704317,0.41556439885864455,0,0
1708440595.4887912,0.06155669403076172,0.0011857074499130248,-0.05631315994262695,-0.4897971143428135,0.7196018338659882,-0.2659820701672697,0.41415638510005953,0,0
1708440595.4971619,0.06021103286743164,0.001511963725090027,-0.05598979568481445,-0.4917179726763869,0.7206655766493287,-0.26367254896603026,0.4114988871023175,0,0
1708440595.5054903,0.058973140716552734,0.0017542004585266112,-0.05563854217529297,-0.4929955776448493,0.7211580184821939,-0.2616913976849378,0.4103706681722282,0,0
1708440595.5137768,0.05775843811035156,0.002001123905181885,-0.05522241592407227,-0.496135129533858,0.7203676895629189,-0.2597513779438904,0.40920598739975567,0,0
1708440595.5221546,0.056426715850830075,0.0022093780040740967,-0.054703914642333984,-0.4979507022222571,0.7204539532487386,-0.2578463319044621,0.40805204224136954,0,0
1708440595.5304961,0.055268959045410154,0.002418306112289429,-0.05425290679931641,-0.49907831657951773,0.7205309597608253,-0.25605856919709163,0.4076640653663231,0,0
1708440595.53884,0.054049297332763674,0.002585458517074585,-0.05369480133056641,-0.5018374116767006,0.7197082108289165,-0.25372576571901667,0.40718858068430575,0,0
1708440595.5471246,0.053218151092529295,0.002651625633239746,-0.05320206069946289,-0.5035098801325734,0.7186765374083113,-0.2530021871903613,0.40739628460193644,0,0
1708440595.5554938,0.052165481567382814,0.002771472215652466,-0.05261214065551758,-0.505106580269606,0.7179137838781406,-0.2510886938321171,0.407948059225568,0,0
1708440595.5638232,0.0511996955871582,0.0028427102565765383,-0.05205665969848633,-0.5068940247311835,0.717144606331892,-0.24947907694719465,0.4080713943616587,0,0
1708440595.5721703,0.05023001098632812,0.0029148399829864503,-0.051393764495849606,-0.5076083656887046,0.7168715721312817,-0.24853157856403457,0.4082412938394143,0,0
1708440595.5804932,0.04946451187133789,0.0030315628051757813,-0.0508653450012207,-0.5091904376869101,0.7161348986513355,-0.24760781006759155,0.4081253187999704,0,0
1708440595.5888216,0.048475727081298825,0.003254081964492798,-0.050134105682373045,-0.5096600628144001,0.7165223617225369,-0.2464781730192123,0.4075424414404631,0,0
1708440595.597157,0.047491897583007814,0.0034797313213348387,-0.04939126968383789,-0.5094806462877648,0.7169949832073044,-0.24536283417339574,0.4076085710394723,0,0
1708440595.60545,0.046403423309326175,0.0038122076988220217,-0.048535903930664065,-0.5091400952174411,0.7179344697267148,-0.2446066769247026,0.40683415148518776,0,0
1708440595.6138222,0.04535092544555664,0.0041488933563232425,-0.047716358184814456,-0.5096487476563287,0.7181492891885193,-0.24393303087875756,0.40622215772774445,0,0
1708440595.6221566,0.04430685043334961,0.004541597843170166,-0.04688333129882812,-0.5088981423327594,0.7188828076107933,-0.2430983910163776,0.4063660421591366,0,0
1708440595.6304922,0.043135276794433595,0.00499700117111206,-0.04597915267944336,-0.5090222878557498,0.7193430780848193,-0.24197597169014218,0.40606586321950955,0,0
1708440595.6388235,0.04199559783935547,0.005354751586914062,-0.0451097526550293,-0.5093699949710417,0.7195233325957554,-0.24076817585771104,0.40602840863173384,0,0
1708440595.647157,0.040862445831298826,0.005717908382415772,-0.044125038146972655,-0.5099947534281385,0.7192459831162088,-0.2394187420317206,0.4065331914780804,0,0
1708440595.6554947,0.0397923698425293,0.006083752155303955,-0.04322903060913086,-0.5105961500521005,0.7198574407826882,-0.23767876738284613,0.40571622306031985,0,0
1708440595.663822,0.038697994232177735,0.006349287033081055,-0.0422656135559082,-0.5111250182507929,0.7198877606974012,-0.23565419653255051,0.4061772162961422,0,0
1708440595.6721544,0.037695930480957034,0.00666765546798706,-0.0412465705871582,-0.5119227474235899,0.7196102436537941,-0.23461957947462303,0.4062632981634104,0,0
1708440595.6805239,0.03657461547851563,0.007050883293151855,-0.04004535293579101,-0.5116181100901467,0.720207131554643,-0.23296861447009423,0.40653932540922977,0,0
1708440595.6888328,0.03548801040649414,0.0073829998970031735,-0.03888100051879883,-0.5124863062618076,0.7202153920317034,-0.23154751753075445,0.4062429354903712,0,0
1708440595.6971562,0.034412864685058595,0.007719001293182373,-0.03770023727416992,-0.512091017384631,0.7203918006878277,-0.23075157786308323,0.4068810131780133,0,0
1708440595.705468,0.033328445434570315,0.008115777015686035,-0.036447990417480466,-0.5122802739140987,0.7209760154419879,-0.22840444870571788,0.40693231802609353,0,0
1708440595.713824,0.03211262893676758,0.008582487106323242,-0.03494601058959961,-0.5121790708199028,0.721611205530997,-0.2267198358112584,0.4068758560315584,0,0
1708440595.722154,0.030760005950927736,0.009122203826904297,-0.033389060974121094,-0.5130844939643419,0.7214755929847175,-0.22461676126444824,0.4071419772071115,0,0
1708440595.730488,0.029605316162109374,0.009599954605102538,-0.03189718627929688,-0.5134222970806558,0.7220137833251461,-0.22233965529657357,0.4070119477364416,0,0
1708440595.7388244,0.02846897506713867,0.010083221435546874,-0.03038448143005371,-0.5135261944214009,0.7223427762778566,-0.2203196955660785,0.40739537464153347,0,0
1708440595.747156,0.02733453941345215,0.010631402969360352,-0.028793462753295897,-0.5143098069307661,0.7222719923598029,-0.21813495360692212,0.40770789691299925,0,0
1708440595.755491,0.026164155960083008,0.011248980522155762,-0.0270065860748291,-0.513783104503995,0.7227522708919163,-0.21633327288644194,0.4084801094308985,0,0
1708440595.7638223,0.0251259822845459,0.011805337905883789,-0.025386631011962892,-0.5128239984483401,0.7230957138408758,-0.21525023140948535,0.40964799199590296,0,0
1708440595.772164,0.023991203308105467,0.012496713638305665,-0.023495304107666017,-0.5131638772844681,0.7226638922416129,-0.213801017442649,0.4107418440958691,0,0
1708440595.7804947,0.022929161071777344,0.01307075023651123,-0.02175836372375488,-0.5134431583427193,0.7223063601348162,-0.21258228834733034,0.41165326941426794,0,0
1708440595.7888205,0.021999011993408202,0.013700528144836426,-0.02003495407104492,-0.5137880180403331,0.721635605494276,-0.21127169130058557,0.4130716695445055,0,0
1708440595.79714,0.0210982723236084,0.014395893096923828,-0.018293691635131837,-0.5143684429006495,0.7207785362756544,-0.21027988749964263,0.4143498133413734,0,0
1708440595.8054883,0.020056283950805665,0.015113622665405273,-0.016253936767578126,-0.5147549354844269,0.7192595764239628,-0.21000922855033854,0.41664031508884963,0,0
1708440595.813816,0.019142501831054686,0.015826929092407228,-0.01439383602142334,-0.5154939809041407,0.718107367708706,-0.2092956854642347,0.41807065528647347,0,0
1708440595.8221447,0.018119474411010743,0.01662294578552246,-0.012288389205932617,-0.5151047451555019,0.7172093374069235,-0.20868476285723445,0.42039093989918774,0,0
1708440595.8304906,0.017275339126586915,0.01728252410888672,-0.010676050186157226,-0.5155674592162948,0.7161654984057246,-0.20843806715830157,0.4217235624375637,0,0
1708440595.8388221,0.016228277206420897,0.018099750518798828,-0.0085438814163208,-0.5157746932551233,0.714863651811562,-0.20753334797839404,0.4241183140798221,0,0
1708440595.8471658,0.015269094467163086,0.018852569580078124,-0.006699744701385498,-0.5157575205773648,0.713538929343484,-0.20724645818364537,0.4265035681090251,0,0
1708440595.8554952,0.014174054145812989,0.019760208129882814,-0.0045721402168273926,-0.5159840234310864,0.7126971308820113,-0.2066678842560939,0.42791549589918954,0,0
1708440595.8638217,0.01335529613494873,0.020448450088500977,-0.0029609432220458983,-0.5154461667356921,0.7119261723601685,-0.2064310916392075,0.4299564876144929,0,0
1708440595.87216,0.0122400484085083,0.021314422607421876,-0.000859896719455719,-0.5156172279143147,0.7110803743519768,-0.20575814012551197,0.4314709442922747,0,0
1708440595.880489,0.01126335048675537,0.022237890243530272,0.0012183305025100708,-0.5157643399403815,0.7095061633604812,-0.20486209377710654,0.4343036967022376,0,0
1708440595.8887904,0.010419731140136718,0.02302012825012207,0.0030730044841766357,-0.5156473703754894,0.7083239303460289,-0.20393216300110956,0.4368027897362409,0,0
1708440595.8971562,0.009459778785705567,0.023894500732421876,0.005162192344665527,-0.5158691657167679,0.7069940399157457,-0.2026185560313345,0.4392995884223328,0,0
1708440595.9054897,0.008628026962280273,0.02469163131713867,0.007088129043579102,-0.5162022396882199,0.705460806471332,-0.20139299455679033,0.44192893077892864,0,0
1708440595.913787,0.007853948593139648,0.0254198055267334,0.00907179832458496,-0.5167539683067394,0.7036518811684359,-0.19962422280933856,0.4449601474889067,0,0
1708440595.9221551,0.00713214111328125,0.026010034561157226,0.011045126914978028,-0.5172168433002234,0.7025833785625136,-0.19731271730216576,0.4471364940676799,0,0
1708440595.9304888,0.006386602401733398,0.026540475845336912,0.013000222206115722,-0.5176308256080796,0.7002867302479071,-0.19571156566519288,0.4509476636430449,0,0
1708440595.9388232,0.005578399658203125,0.02715424346923828,0.01530571746826172,-0.5177056159689827,0.6986750561423035,-0.19498091875286602,0.4536700416510399,0,0
1708440595.9471252,0.004929096221923828,0.02767714500427246,0.017402706146240236,-0.5172551164444574,0.6976093765875419,-0.19357399145944376,0.45641803460297864,0,0
1708440595.955489,0.0041066789627075195,0.02830298614501953,0.019749935150146485,-0.5170703084330578,0.6962430057300597,-0.19275895412173594,0.45905114222433646,0,0
1708440595.9638228,0.003619375228881836,0.028875444412231447,0.021476587295532226,-0.5168458278722737,0.695009376453838,-0.1924711302642501,0.4612886592051947,0,0
1708440595.9721577,0.0030773203372955324,0.02974160575866699,0.02365978240966797,-0.5162435459953058,0.6924389034950472,-0.19353708365968253,0.4653647714149631,0,0
1708440595.9804997,0.002539550542831421,0.030472307205200194,0.02551680374145508,-0.5153902130549668,0.690700498465804,-0.1939627868554732,0.4687048030140696,0,0
1708440595.988794,0.0019331310987472535,0.03136256408691406,0.02756391143798828,-0.5149530650098432,0.6885873137329719,-0.19458195660361885,0.47202618576083644,0,0
1708440595.9971561,0.001319422483444214,0.032118770599365236,0.029282739639282226,-0.515324786271105,0.6864163147629994,-0.19466815687002412,0.4747392232961824,0,0
1708440596.0054884,0.000686266303062439,0.03288441467285156,0.030983753204345703,-0.5155584546758565,0.684312617861449,-0.19479511511792255,0.4774626498241573,0,0
1708440596.0138228,9.48515310883522e-05,0.033503631591796874,0.03280288314819336,-0.5165543996824848,0.6813202598872298,-0.19560409718057528,0.4803262332690117,0,0
1708440596.022154,-0.0004805196225643158,0.03397922897338867,0.034318569183349606,-0.5180449174772425,0.6782358318810854,-0.196683475110439,0.4826398317862261,0,0
1708440596.030487,-0.0010720055103302002,0.03446086120605469,0.03595473480224609,-0.519252252686576,0.6750391304119719,-0.19743448689098578,0.48550888465256514,0,0
1708440596.0388231,-0.0016328322887420655,0.034866188049316404,0.037423778533935546,-0.519753705806782,0.6725236722865039,-0.19801743578934206,0.4882182863685087,0,0
1708440596.0471575,-0.00212680721282959,0.03533290863037109,0.03886460876464844,-0.520645342384769,0.670101038939189,-0.19929471657714234,0.49007615014522826,0,0
1708440596.0554876,-0.002583117961883545,0.03594094085693359,0.040244091033935545,-0.5207283863383141,0.6681670851612606,-0.2006326713259066,0.4920784557063234,0,0
1708440596.0638366,-0.003066776990890503,0.03663186645507813,0.04185569000244141,-0.5211777018741844,0.6661210962443052,-0.20096265563947088,0.4942373071254242,0,0
1708440596.0721548,-0.0034279139041900634,0.037226387023925785,0.043102405548095704,-0.5212242015967422,0.6644693895173719,-0.2012518128669868,0.49628969902577763,0,0
1708440596.0804908,-0.0037456212043762206,0.03796257781982422,0.04435618591308594,-0.5207693052655247,0.6622251744127237,-0.202382355026947,0.4992980365484313,0,0
1708440596.0888371,-0.004010885238647461,0.038467273712158204,0.04534983825683594,-0.5212912852195942,0.6603537858558325,-0.2025518947293574,0.5011596549604045,0,0
1708440596.0971568,-0.004355570316314697,0.03906641387939453,0.04647168731689453,-0.5214758122602824,0.6582840967492809,-0.20353485068133137,0.5032877749079597,0,0
1708440596.105489,-0.00464747953414917,0.039581352233886716,0.047444046020507814,-0.5219697448556947,0.6559852294855104,-0.20447020228455906,0.505393767654477,0,0
1708440596.1138208,-0.004999011039733887,0.04011211013793945,0.04850460815429687,-0.5220066869463514,0.654277352283997,-0.2048490919151936,0.5074120657518179,0,0
1708440596.1221094,-0.005307787418365478,0.04048460006713867,0.04948642349243164,-0.5224154518191729,0.6528233935713782,-0.2042184331389341,0.5091154457452467,0,0
1708440596.1304877,-0.0057025237083435055,0.040954105377197264,0.05052700424194336,-0.5232041085363496,0.6512388318266376,-0.20540872523990727,0.5098555602471962,0,0
1708440596.1388218,-0.005958746433258057,0.04124139404296875,0.05135979080200195,-0.5236175574185602,0.6497343472989757,-0.20603950121703923,0.5110945407035633,0,0
1708440596.147157,-0.0062670187950134276,0.041617733001708984,0.05247068405151367,-0.5247519222236736,0.6480811236641562,-0.2063181970740647,0.5119171031146984,0,0
1708440596.1554909,-0.006520957469940186,0.04205840301513672,0.053280277252197264,-0.5244055530260049,0.6471742342166535,-0.20687109520077787,0.5131945495452295,0,0
1708440596.1637971,-0.006769254684448243,0.04249917984008789,0.054093021392822266,-0.5244069765523622,0.6457935798667362,-0.20731570573869668,0.5147505827121623,0,0
1708440596.1721637,-0.006885659694671631,0.04290912246704102,0.05473466110229492,-0.5242630454714897,0.6438294815078766,-0.20786844739417795,0.517129138321624,0,0
1708440596.1804922,-0.007023847579956054,0.04332534027099609,0.05523062515258789,-0.5248539218617287,0.6417904126098913,-0.2095537289546838,0.5183827246184005,0,0
1708440596.188827,-0.0070835280418396,0.0436463737487793,0.05559651565551758,-0.5250502487565559,0.6402900633368226,-0.21094281167737533,0.5194747237954529,0,0
1708440596.1971662,-0.007185811996459961,0.04397853851318359,0.05593304824829102,-0.5248046926704427,0.6383436999917476,-0.21184627220233795,0.5217456091872886,0,0
1708440596.2054904,-0.007273808002471924,0.04423090362548828,0.056226276397705076,-0.5250225506851528,0.6364860734006537,-0.21284102350546427,0.5233884831152468,0,0
1708440596.2138324,-0.007335008621215821,0.04439999771118164,0.056549842834472654,-0.5261393573602992,0.6344878848422998,-0.21411992353324844,0.5241709061974503,0,0
1708440596.2221587,-0.007390318393707275,0.04464468383789062,0.056799877166748045,-0.5262822009959512,0.633161675142154,-0.2149813328605958,0.5252774393197731,0,0
1708440596.2304902,-0.007450969219207764,0.04473705673217773,0.05700609588623047,-0.5270490849660562,0.6318001886579233,-0.21580979901785177,0.5258078584697408,0,0
1708440596.2388234,-0.007448734283447266,0.04489045715332031,0.05724231338500976,-0.5272167203529795,0.6307313273768427,-0.21596856445562432,0.5268568351805665,0,0
1708440596.2471578,-0.007503658294677734,0.04505856704711914,0.057374881744384765,-0.5274181441839937,0.6297058951242305,-0.21671372292881783,0.5275753466356313,0,0
1708440596.2554922,-0.007502191066741944,0.045135257720947265,0.057493118286132815,-0.5277872578916986,0.628613813743172,-0.21793493460776464,0.5280053544937993,0,0
1708440596.2638228,-0.007465012073516845,0.04527986145019531,0.057493118286132815,-0.5275889311896899,0.627738136458971,-0.2192015623762775,0.528720531369533,0,0
1708440596.2721648,-0.007463366985321045,0.04535653686523437,0.05761138534545898,-0.5281702159159404,0.6270944603937146,-0.21882656461513394,0.5290592811084353,0,0
1708440596.2804887,-0.007524381637573243,0.04537227630615234,0.057699932098388675,-0.5285987983923385,0.626365373943935,-0.2191972778953167,0.5293413315997073,0,0
1708440596.2888207,-0.007566648006439209,0.0454603385925293,0.05778852462768555,-0.5289608370155616,0.6258993149995626,-0.2201205970479842,0.5291477887254308,0,0
1708440596.2971547,-0.007627516269683838,0.045476070404052736,0.05787717437744141,-0.5293292001696323,0.6256386381980088,-0.21974375622906964,0.5292443393662234,0,0
1708440596.3054864,-0.0077490429878234865,0.04550747299194336,0.05805461883544922,-0.5297292266374704,0.6256087826348353,-0.21909434472233985,0.5291486212248584,0,0
1708440596.3138225,-0.007751786708831787,0.045508182525634766,0.058247337341308596,-0.5301778664455352,0.6256165807770631,-0.2190231299106171,0.5287194163611753,0,0
1708440596.3221366,-0.007828696250915528,0.04552805709838867,0.05845486450195313,-0.5305762300269723,0.6255858839350206,-0.21837329523450602,0.5286248927987874,0,0
1708440596.330488,-0.00787515115737915,0.045540061950683594,0.058618053436279294,-0.5310244928001954,0.6255927017556236,-0.21830125883952856,0.5281962920775096,0,0
1708440596.338822,-0.00797026538848877,0.0454873046875,0.058825897216796874,-0.5315498178810765,0.6254519057815294,-0.2175424695710719,0.5281476956913824,0,0
1708440596.3471591,-0.008016332626342774,0.04549919128417969,0.05898931503295898,-0.5315978379427662,0.6257975878627567,-0.2171323303242462,0.5278585852508197,0,0
1708440596.3554943,-0.008092219352722169,0.045518768310546874,0.05919747543334961,-0.5320617484891619,0.6259181603818683,-0.21692245887877806,0.527334246726414,0,0
1708440596.363821,-0.00816781234741211,0.04553826904296875,0.05940581893920899,-0.5320561395790679,0.6262257312632816,-0.21593453351138348,0.5273802055897415,0,0
1708440596.3721547,-0.008244114875793457,0.04555795288085938,0.05980783081054687,-0.5322243976002651,0.6265665652114623,-0.21572755482599282,0.5268900473687005,0,0
1708440596.3804877,-0.00833817195892334,0.045504737854003906,0.060210285186767576,-0.5324630474789311,0.6272609557661439,-0.2146609165613886,0.5262579866559849,0,0
1708440596.3888333,-0.008368227005004883,0.04551247787475586,0.060642627716064455,-0.5329130863557239,0.6281857223954245,-0.21328672876388372,0.5252571858269036,0,0
1708440596.3971555,-0.0084303617477417,0.04545097351074219,0.06119476318359375,-0.5328393465403,0.6289839455209756,-0.21236099416842805,0.5247515901054854,0,0
1708440596.4054704,-0.008435700416564941,0.04529738235473633,0.06173147964477539,-0.5336222406538561,0.6293375166614451,-0.21138373330237648,0.5239260567755921,0,0
1708440596.4138231,-0.008334790229797363,0.04511671447753906,0.06240085220336914,-0.5337398481546388,0.6295630914497304,-0.2111029701236584,0.5236483778982473,0,0
1708440596.422154,-0.008247053146362305,0.04493964004516601,0.06299540328979492,-0.533440278786945,0.6300162032443684,-0.2106260258001743,0.5236007307811581,0,0
1708440596.4304883,-0.008122878074645996,0.04483078384399414,0.06366376876831055,-0.5330266302108212,0.6306931593557159,-0.21012140322069714,0.5234097199398718,0,0
1708440596.4388773,-0.008043274879455567,0.044656166076660155,0.064377197265625,-0.5324178646941482,0.6312556308080415,-0.2097923569577211,0.523483261912101,0,0
1708440596.4471545,-0.007835877895355224,0.04452657699584961,0.0652211456298828,-0.5328426213499085,0.6314800076612761,-0.2096868558907817,0.5228223174747257,0,0
1708440596.4556224,-0.007652826309204101,0.04440333175659179,0.0661096954345703,-0.5327953176129986,0.6320163200579021,-0.20867211131224186,0.5226283936995961,0,0
1708440596.463898,-0.0074308180809021,0.04427044677734375,0.06714503479003907,-0.5329262279474168,0.6324659345718886,-0.2085794572220034,0.5219876132888276,0,0
1708440596.4721599,-0.007238496780395507,0.04414523696899414,0.06803132629394532,-0.533368272072659,0.6328046230005845,-0.20834074352001505,0.5212204315211713,0,0
1708440596.480488,-0.007033109664916992,0.04394028091430664,0.06918405151367188,-0.5340403679303503,0.6324385498160334,-0.20852287204578365,0.5209036408097627,0,0
1708440596.4888275,-0.006838997364044189,0.04373855972290039,0.07026180267333984,-0.5347251386578734,0.632553207161706,-0.20852624936000402,0.5200598795106982,0,0
1708440596.4971569,-0.006600297927856445,0.04352614974975586,0.07148535919189453,-0.5347637503874252,0.632670977243621,-0.20910991697728962,0.5196423770253197,0,0
1708440596.5054893,-0.006427769184112549,0.04340691757202148,0.07265430450439453,-0.5345731505367385,0.6327730414497319,-0.20937200632994354,0.5196086962059817,0,0
1708440596.5138206,-0.006239266395568848,0.04320769500732422,0.07377555084228515,-0.5344928738498456,0.6326607888133411,-0.20967213458266007,0.5197069079077726,0,0
1708440596.5221546,-0.00602327823638916,0.04300208282470703,0.07496903228759766,-0.5341930398119813,0.6326858062337581,-0.21070744332194807,0.5195660059639785,0,0
1708440596.5304878,-0.005736340522766113,0.04277947998046875,0.07638056182861327,-0.5338322580562616,0.6329343477329392,-0.2109094206630791,0.5195521622944836,0,0
1708440596.538821,-0.00545623779296875,0.04255910873413086,0.07759642791748046,-0.534165166264039,0.6326194334818939,-0.21143127425211972,0.5193814136869992,0,0
1708440596.5471554,-0.005123778343200684,0.04232651138305664,0.0789559326171875,-0.5340637175534705,0.6323198282219417,-0.21169074484850428,0.5197447467190305,0,0
1708440596.5554905,-0.004871247768402099,0.04211399078369141,0.0800221939086914,-0.5350997479812688,0.6315604819736895,-0.21240032092916564,0.519312715818209,0,0
1708440596.5638316,-0.004497289180755615,0.04187255096435547,0.08144953918457032,-0.5359337127330194,0.6308264500021136,-0.2136383167343907,0.5188369018945053,0,0
1708440596.5721574,-0.004183078289031982,0.041646244049072266,0.08277754974365234,-0.5358069260875702,0.6305690845105614,-0.21393212405088816,0.5191595066905035,0,0
1708440596.5804975,-0.003874620199203491,0.04134701919555664,0.08434514617919922,-0.5364108166231347,0.6304307231165952,-0.21434583232140852,0.5185329518908385,0,0
1708440596.5888216,-0.0036558074951171873,0.041144908905029295,0.08579230499267577,-0.5365206926032485,0.6302040810123634,-0.21545534623298065,0.5182348295761812,0,0
1708440596.597161,-0.003365561008453369,0.04085159683227539,0.08745490264892578,-0.5363193365274507,0.6300307389286482,-0.21608417049804265,0.5183922069474947,0,0
1708440596.605493,-0.0031952385902404784,0.04066204071044922,0.08880630493164063,-0.5363474923459604,0.6301583392110075,-0.21658463120510485,0.5179989849086614,0,0
1708440596.6138208,-0.0029410994052886962,0.04037869262695312,0.09061575317382813,-0.5358398174816058,0.6302740479194044,-0.2172896791825436,0.5180883340033052,0,0
1708440596.6221554,-0.0026593499183654784,0.04008966064453125,0.09213232421875,-0.5355747987587431,0.6299421856781,-0.21824895756455365,0.518362701206991,0,0
1708440596.6304874,-0.0023125159740448,0.03986031341552734,0.09384061431884766,-0.53551465573643,0.6292346401104336,-0.21962373580405542,0.5187034339715411,0,0
1708440596.6388206,-0.0020023860931396484,0.03956633377075195,0.09535458374023438,-0.5346985559166999,0.6287990617334787,-0.2206619890392914,0.5196320518422818,0,0
1708440596.6471534,-0.0017080620527267457,0.03927693557739258,0.09679597473144531,-0.5341922558432606,0.6283690767497655,-0.22140690389854278,0.5203555763014795,0,0
1708440596.6554875,-0.001469972848892212,0.03900134658813476,0.09826627349853516,-0.5335013584534046,0.6280192753783458,-0.22162456032510783,0.5213929839185598,0,0
1708440596.663821,-0.0011247222423553466,0.03862871170043945,0.0998980712890625,-0.5335904528734203,0.6271280599951546,-0.22302865572060687,0.5217756590118997,0,0
1708440596.6721578,-0.0008129695653915405,0.03826506805419922,0.1015083999633789,-0.5327069994174173,0.6264827599103211,-0.22417354249549143,0.5229616047935529,0,0
1708440596.68049,-0.0006008951663970947,0.03799807739257813,0.10300818634033203,-0.5329573340672674,0.6257431184272814,-0.22541772699118282,0.5230572515003964,0,0
1708440596.6888213,-0.0003751842677593231,0.03772870635986328,0.10450819396972656,-0.5327911910497165,0.6253766624299923,-0.22635114170053058,0.5232616260758153,0,0
1708440596.697154,-0.00023474937677383422,0.03740625762939453,0.10609249877929687,-0.532211394893274,0.6250493748371706,-0.2269905161961832,0.5239652954729829,0,0
1708440596.7054873,-7.748515158891677e-05,0.03708080291748047,0.10785176849365234,-0.5323309236597403,0.6244017045962876,-0.22880079674678866,0.5238286663396827,0,0
1708440596.7138236,1.0657555423676967e-05,0.0369162712097168,0.10945388793945313,-0.5308863454096867,0.6244024625052004,-0.22965106091184231,0.5249206149447647,0,0
1708440596.7221549,0.00016983722150325776,0.03666397857666016,0.11119861602783203,-0.5303771560928137,0.6239061747837001,-0.23083880760721476,0.5255041318897953,0,0
1708440596.730488,0.0002645168304443359,0.036570941925048825,0.1125602035522461,-0.529364569140597,0.6237970276118106,-0.23146431823941715,0.5263788490914493,0,0
1708440596.7388217,0.0004072608053684235,0.03632295989990234,0.11429066467285157,-0.5285450522039032,0.6234021874070104,-0.2323333319580488,0.5272865070074625,0,0
1708440596.7471566,0.00058861243724823,0.036211536407470706,0.11584792327880859,-0.5273207560523453,0.6233421149655538,-0.23304874010618057,0.5282666995333126,0,0
1708440596.7554867,0.0007929452657699585,0.0359511604309082,0.11747630310058593,-0.5262559937966579,0.6225051630321805,-0.23382515760027045,0.529969597278473,0,0
1708440596.763822,0.0009265316128730773,0.03577849578857422,0.11884343719482422,-0.5247342908123664,0.6221269668744791,-0.23452204450631964,0.5316120502295966,0,0
1708440596.7721646,0.0011319420337677002,0.03551895523071289,0.12012248229980468,-0.5237436387455734,0.6211861519328137,-0.23488592380107273,0.5335250378793741,0,0
1708440596.7804885,0.0013592830896377564,0.035255428314208984,0.12134858703613281,-0.5226953917925613,0.619829695379447,-0.23624420124564904,0.5355271964627918,0,0
1708440596.7888224,0.001548378586769104,0.03492901992797852,0.12273390960693359,-0.5228550597345814,0.6181240353965716,-0.23821724253055837,0.5364679043264807,0,0
1708440596.7971559,0.0017203505039215087,0.03460701751708985,0.1239969482421875,-0.5234367442917932,0.6169650478106368,-0.23960215126329362,0.5366180253223166,0,0
1708440596.8054893,0.0019170937538146972,0.03435204315185547,0.12554286193847655,-0.5226764978561219,0.6165216119804555,-0.2406884628101545,0.5373820289073149,0,0
1708440596.8138225,0.0020655789375305174,0.03410758590698242,0.12684423828125,-0.5213598954749223,0.6163750734079444,-0.24116120619031356,0.5386157067401937,0,0
1708440596.8221548,0.002169708728790283,0.03394383239746094,0.12823765563964845,-0.5210960791523107,0.6159896451144449,-0.24172412933648788,0.5390594385585374,0,0
1708440596.8304884,0.002368912696838379,0.03383205032348633,0.12954043579101562,-0.5191677768204387,0.6158666301969218,-0.2429535559044262,0.5405059662048738,0,0
1708440596.8388214,0.0025626051425933836,0.03372157287597656,0.13095098876953126,-0.5170412966617286,0.6154527518280463,-0.2444149015150394,0.5423537431646346,0,0
1708440596.8471544,0.0027640419006347656,0.03360969924926758,0.1320244140625,-0.516925435196428,0.6137618912327087,-0.24629049571088144,0.543530513186107,0,0
1708440596.8554888,0.0030817677974700926,0.033545211791992186,0.13318153381347655,-0.5152611383096756,0.6124491862475582,-0.24845526520815003,0.5456023564889172,0,0
1708440596.8637872,0.003274982213973999,0.03343532180786133,0.1340244140625,-0.5141315365929315,0.61143154606588,-0.2493976495959807,0.5473764913089575,0,0
1708440596.8721538,0.003555265188217163,0.03330801391601562,0.13505809020996093,-0.5127262568831533,0.6102408822119532,-0.2513243536072892,0.5491392774045731,0,0
1708440596.8804874,0.0038936464786529543,0.03316924285888672,0.13610565185546875,-0.5119790859304781,0.6090788763536747,-0.253160206322561,0.5502819645753695,0,0
1708440596.8888216,0.004134230613708496,0.03298019790649414,0.13701573181152343,-0.5115859920692156,0.6079024344426088,-0.2546819143653985,0.5512454396770704,0,0
1708440596.8971555,0.004439505577087402,0.03284877395629883,0.13799346923828126,-0.5114510405297779,0.6066829425394296,-0.256573787966847,0.5518364976799218,0,0
1708440596.9054904,0.0046501832008361815,0.032666542053222655,0.13878033447265625,-0.5112222148108969,0.6058907189951379,-0.25790493716539764,0.5522982221128245,0,0
1708440596.9138227,0.004966316699981689,0.03253360366821289,0.13975672912597656,-0.5106899486199561,0.6048396014716306,-0.2595034507833988,0.5531932860050203,0,0
1708440596.9221551,0.005203139305114746,0.0324864501953125,0.14065084838867187,-0.5102724314171091,0.6043249683370403,-0.2608604414237673,0.5535026844910649,0,0
1708440596.9304574,0.005427333354949951,0.032372161865234374,0.14159878540039061,-0.5100278444726771,0.6036122783739687,-0.2620105701428761,0.5539623577771066,0,0
1708440596.9387784,0.005618892669677735,0.03233409881591797,0.14253298950195312,-0.509637578271859,0.6033372479857345,-0.2624474397293457,0.5544141680257026,0,0
1708440596.9471548,0.005875243663787842,0.03228316497802734,0.14337197875976562,-0.5095793529419937,0.6022822402253442,-0.2635312466671789,0.5551002336967511,0,0
1708440596.9554806,0.006136033058166504,0.0322313461303711,0.14421051025390624,-0.5094614180764302,0.6015231842169634,-0.26462500382278853,0.5555110579955747,0,0
1708440596.9638293,0.006384952545166016,0.03211266326904297,0.145102783203125,-0.5095246820322292,0.6003273706543322,-0.2655466576215954,0.5563062366175435,0,0
1708440596.9721546,0.006595522403717041,0.032001789093017576,0.14581883239746093,-0.5094153157923442,0.5993073867356385,-0.2668283112060602,0.5568925822711582,0,0
1708440596.9804878,0.006856211185455322,0.03188121604919433,0.14665589904785156,-0.5093825986845453,0.5980880275336936,-0.2679362185947838,0.5577008740748378,0,0
1708440596.9888315,0.007026614665985108,0.03177865982055664,0.14724981689453126,-0.5087624789539563,0.5974757140598919,-0.2691291931681878,0.5583484551234755,0,0
1708440596.9971552,0.007282034873962402,0.03159076690673828,0.14808592224121095,-0.5087839290757987,0.5964843093064445,-0.27014347415578943,0.5588988024711578,0,0
1708440597.0054903,0.0074415688514709475,0.03142207717895508,0.14878781127929688,-0.5087062841759207,0.5955291460283764,-0.2713978389237265,0.5593801544793758,0,0
1708440597.0138226,0.0076664361953735355,0.03130957794189453,0.14961050415039062,-0.5077834423461005,0.5953759985687218,-0.2726788362329777,0.5597585690966063,0,0
1708440597.0221555,0.00785770845413208,0.031272308349609375,0.15036614990234376,-0.5074581333626204,0.5948394455780992,-0.2740762839768609,0.5599414766174483,0,0
1708440597.0304873,0.008092824935913085,0.03115810203552246,0.1510794219970703,-0.5075917077869835,0.5942481234309774,-0.2749608135503921,0.5600146381985412,0,0
1708440597.0388205,0.00829135227203369,0.031119503021240235,0.15183441162109376,-0.507237215347584,0.5940099910342065,-0.27634909152088366,0.5599051134685912,0,0
1708440597.0471547,0.008636555671691894,0.030984233856201172,0.15273379516601562,-0.506671940860733,0.5936130750703399,-0.2771640954878434,0.5604347621969543,0,0
1708440597.0554883,0.008882643699645996,0.030868457794189452,0.15349978637695313,-0.5064074886487359,0.5931320000875246,-0.27770707539591405,0.5609141386103169,0,0
1708440597.0638204,0.0092243013381958,0.030666576385498048,0.1542886962890625,-0.5062361671983304,0.5923688694296654,-0.27820562311568076,0.5616277415386745,0,0
1708440597.0721438,0.009516778945922852,0.030474756240844728,0.154956298828125,-0.5055889889378985,0.5915203501609697,-0.2794735121784375,0.5624748959502525,0,0
1708440597.0804915,0.00981151008605957,0.03028304672241211,0.15556874084472655,-0.5052676700472556,0.5904764023687853,-0.2803908803660864,0.563403169423904,0,0
1708440597.088823,0.010161073684692382,0.030081457138061523,0.1561916961669922,-0.5064467739112275,0.5883886888678239,-0.28271472088666244,0.5633673867912483,0,0
1708440597.0971563,0.010418610572814941,0.029965198516845704,0.15668254089355468,-0.5066647668919425,0.5870298213388639,-0.2838466224235991,0.5640194160513038,0,0
1708440597.1054528,0.010770155906677245,0.029764259338378906,0.1571949462890625,-0.5073981152196555,0.5854928834745743,-0.2859717135734386,0.5638842141118035,0,0
1708440597.1138213,0.010989296913146972,0.029722867965698244,0.15761917114257812,-0.5070952219846012,0.5847167193895109,-0.28774064458589826,0.5640621415134464,0,0
1708440597.1221535,0.011303799629211426,0.029596588134765626,0.1581190185546875,-0.507290732527814,0.5836408836981247,-0.28885375426851234,0.5644314969680994,0,0
1708440597.1304867,0.011616353034973145,0.029470951080322265,0.15850942993164063,-0.5078283364524028,0.5824123167063215,-0.2904547051593572,0.5643955650152469,0,0
1708440597.1388218,0.011933756828308105,0.029344682693481446,0.15900762939453125,-0.5087725254673517,0.580926268617408,-0.2922446287290343,0.5641527036412669,0,0
1708440597.147154,0.012248597145080566,0.029219173431396486,0.15939640808105468,-0.5089203269273439,0.5800567519979408,-0.29350006607731954,0.5642623215888345,0,0
1708440597.1554885,0.012499978065490722,0.029039478302001952,0.1597740478515625,-0.5095871829905015,0.5791300781693219,-0.2940884429686738,0.5643059693804752,0,0
1708440597.1638207,0.012804983139038086,0.02885030746459961,0.16016131591796876,-0.5098734773256902,0.5782153431110745,-0.2960131043218639,0.5639789992368343,0,0
1708440597.172154,0.013087606430053711,0.02853380584716797,0.16054777526855468,-0.510393952411803,0.5771094275507686,-0.2977073117242249,0.5637491383408518,0,0
1708440597.1805007,0.013427017211914062,0.028208086013793945,0.16099758911132814,-0.5109879201648881,0.5763327651309041,-0.29920521066622763,0.5632123244940883,0,0
1708440597.1888351,0.013715662956237794,0.02789283561706543,0.1614365234375,-0.5115432502723761,0.575384869130501,-0.300777712650462,0.5628396869565934,0,0
1708440597.1971545,0.01401457405090332,0.027642377853393553,0.16182035827636718,-0.5119388692952861,0.5745873122182077,-0.3017497222192706,0.5627744753392385,0,0
1708440597.2054877,0.014314791679382325,0.02739253807067871,0.162203369140625,-0.5115144248104552,0.573947224824747,-0.30299819169928216,0.5631426841835999,0,0
1708440597.2138226,0.014657947540283203,0.027070802688598634,0.16259490966796875,-0.5116119465347075,0.5730810391493956,-0.30441699761674706,0.5631710592839269,0,0
1708440597.2221541,0.01490808391571045,0.026831628799438477,0.16296687316894531,-0.5115872969269558,0.5724835280333812,-0.3051168166136225,0.5634223872277399,0,0
1708440597.2304888,0.015197967529296875,0.026521408081054687,0.16329315185546875,-0.5112232982879933,0.5718251087718064,-0.30554678098599414,0.5641878884241152,0,0
1708440597.2388194,0.015390653610229493,0.026293731689453124,0.1635463562011719,-0.5107868099216067,0.5715148926186912,-0.30605878463565356,0.5646198910728447,0,0
1708440597.2471228,0.015633484840393067,0.025993452072143555,0.16391654968261718,-0.5116413240032819,0.5705120685693885,-0.30646059449433555,0.5646423926701191,0,0
1708440597.2554874,0.0158597412109375,0.0256324520111084,0.164177734375,-0.5113856444416719,0.5698446283229744,-0.3068266805392667,0.565348756100936,0,0
1708440597.2638206,0.01612718200683594,0.025137178421020506,0.16455543518066407,-0.5121677929857944,0.5687023134808853,-0.3066096279773526,0.5659084533207408,0,0
1708440597.272163,0.01629722785949707,0.024723880767822264,0.1648609619140625,-0.5120567205149251,0.5682058212989047,-0.3059117054885457,0.5668845459208958,0,0
1708440597.2805066,0.016512073516845704,0.024240550994873048,0.16517459106445312,-0.5120641178753556,0.5674951900542725,-0.3059315716845859,0.567578565934726,0,0
1708440597.2888298,0.01673885154724121,0.023820907592773437,0.16548762512207033,-0.5123676214001213,0.5667442029213006,-0.3063477796557754,0.5678304951293099,0,0
1708440597.2971575,0.01691425895690918,0.023410652160644533,0.16579180908203126,-0.5118450108281043,0.5662207811215603,-0.3070386740690202,0.5684504878367588,0,0
1708440597.3054845,0.017092082977294924,0.023064844131469725,0.1659872589111328,-0.511532212346377,0.5654149353908909,-0.308364400925404,0.5688164436388888,0,0
1708440597.3138223,0.01727536964416504,0.02271916389465332,0.16623651123046876,-0.511556184588102,0.5643762524746578,-0.3091929031654812,0.5693763895206266,0,0
1708440597.3221543,0.017362825393676756,0.02251557731628418,0.16636099243164063,-0.511785984203096,0.5634649115129513,-0.3106000192094798,0.569306600217227,0,0
1708440597.330487,0.017441490173339843,0.02225017547607422,0.16648536682128906,-0.5124192772638314,0.5620762768307214,-0.31151819670929803,0.5696078971024279,0,0
1708440597.338822,0.017511693954467774,0.021923055648803712,0.1666096649169922,-0.511738491156013,0.5618004760830968,-0.31168621424630166,0.5703995487981697,0,0
1708440597.347156,0.01758270263671875,0.021596303939819338,0.16673385620117187,-0.5125991866401189,0.5606328345865451,-0.31231274629983063,0.5704328788799187,0,0
1708440597.3554902,0.01764986038208008,0.02127058219909668,0.16680381774902345,-0.5134099803122845,0.5593438998855121,-0.3130591544439928,0.5705598562571935,0,0
1708440597.363821,0.01766910934448242,0.020951984405517578,0.16691996765136718,-0.5135503762782304,0.5588388016684085,-0.3129566441997842,0.570984542414066,0,0
1708440597.3721333,0.017684394836425782,0.020634193420410157,0.16698196411132812,-0.5139993198399305,0.5578852886145473,-0.31333826649021673,0.5713036298932315,0,0
1708440597.3804893,0.017700376510620116,0.020316547393798828,0.16704393005371093,-0.5144460536472948,0.5569354626848643,-0.3137197312447734,0.5716188082325255,0,0
1708440597.3888218,0.017728799819946288,0.02012356185913086,0.16705174255371094,-0.5150459436123784,0.5558074689509429,-0.31554788559019586,0.5711700935059446,0,0
1708440597.397164,0.017704090118408202,0.019937740325927735,0.16705174255371094,-0.5152754845252733,0.555102145847092,-0.3161921599155736,0.5712926750394929,0,0
1708440597.4054914,0.017687744140625,0.0198138427734375,0.16705174255371094,-0.5150489026536734,0.5547463003759026,-0.3174038063073281,0.5711707033320909,0,0
1708440597.413822,0.017663415908813478,0.01962797164916992,0.16705174255371094,-0.5152769832469132,0.5540470161208226,-0.31804625088634236,0.5712863791639122,0,0
1708440597.422154,0.017639318466186524,0.01944207000732422,0.16705174255371094,-0.5159858424880432,0.5533122206099492,-0.3188735839099577,0.5708974001049909,0,0
1708440597.4304883,0.017615449905395507,0.019256137847900392,0.16705174255371094,-0.5162762340141165,0.5527613195998051,-0.31942516750574745,0.5708601653940762,0,0
1708440597.438822,0.017583980560302734,0.0190081844329834,0.16705174255371094,-0.5159867143954342,0.5526791025686552,-0.3199424541382114,0.5709118567764647,0,0
1708440597.447158,0.017545219421386718,0.018698171615600587,0.16705174255371094,-0.5165676995049576,0.5520621981675565,-0.3201689973343639,0.5708563510808942,0,0
1708440597.4554443,0.01749954605102539,0.0183260498046875,0.16705174255371094,-0.5168576035399901,0.5514401802064248,-0.32081456280669296,0.5708326717503976,0,0
1708440597.4638221,0.017462186813354492,0.018015863418579102,0.16705174255371094,-0.5166813583667379,0.5512568686881544,-0.3212111984392225,0.570946210701843,0,0
1708440597.4721544,0.017418197631835938,0.017643539428710938,0.16705174255371094,-0.5173096858895322,0.5503932816440305,-0.3214066936915209,0.5711003766282065,0,0
1708440597.4804897,0.017389381408691406,0.017395263671875,0.16705174255371094,-0.5163290230236269,0.5508965740385882,-0.32200010708768967,0.5711683064180872,0,0
1708440597.4888337,0.017360973358154296,0.017146942138671874,0.16705174255371094,-0.5163790260262532,0.5505793991672164,-0.32206327095959536,0.5713932790006371,0,0
1708440597.497169,0.017279462814331056,0.01690456008911133,0.16704393005371093,-0.516089805640982,0.5505101844533838,-0.32257197912761626,0.571434302492864,0,0
1708440597.5054922,0.017186763763427735,0.016600322723388673,0.16698196411132812,-0.515861180875434,0.5502139851752693,-0.3230784657210639,0.5716398515235972,0,0
1708440597.513826,0.01715024757385254,0.016352685928344726,0.16687368774414063,-0.5158804577267504,0.5497085349744276,-0.32409809433848946,0.5715315475342116,0,0
1708440597.5221543,0.017060688018798828,0.016110666275024416,0.166757568359375,-0.5154720483711019,0.5494808752928665,-0.3240245013887332,0.5721603563632128,0,0
1708440597.5304885,0.01696898651123047,0.015931594848632814,0.1665331268310547,-0.5152680271403696,0.5488373413937317,-0.3253917248281252,0.5721858720896891,0,0
1708440597.538837,0.016835283279418946,0.01581969165802002,0.16635484313964843,-0.5145783863512517,0.5487004278811449,-0.32566583789171233,0.5727815190494173,0,0
1708440597.5471542,0.01669101142883301,0.01564565372467041,0.166122314453125,-0.5147102886366629,0.5478103592545053,-0.3265858758906558,0.5729910805810637,0,0
1708440597.5554976,0.01655367660522461,0.01553366756439209,0.16588966369628907,-0.5136858499840007,0.5479318609261782,-0.32733343076304644,0.5733675291679932,0,0
1708440597.5638092,0.01641045951843262,0.015358951568603516,0.1656569061279297,-0.5138133445999367,0.5470426554724434,-0.32825114784695836,0.5735776787077843,0,0
1708440597.5721595,0.016321346282958983,0.0151785249710083,0.16543212890625,-0.5135889341277405,0.5464820048289876,-0.328801210515739,0.5739979011096652,0,0
1708440597.5804887,0.01612167739868164,0.015008822441101074,0.1651368408203125,-0.5137183376194512,0.5456008206049848,-0.329751660095897,0.5741751258524082,0,0
1708440597.5888212,0.015978512763977052,0.014896420478820801,0.1647953338623047,-0.5133327870268289,0.544949489183411,-0.33137719122023623,0.5742026411119513,0,0
1708440597.5971544,0.0158362340927124,0.014783714294433594,0.16445368957519532,-0.5136953996646423,0.5438508471075117,-0.3328479645415962,0.5740692794007022,0,0
1708440597.6054902,0.015643735885620118,0.014738993644714355,0.16404937744140624,-0.513884204956796,0.5427335832765378,-0.3345523932809948,0.5739668760829344,0,0
1708440597.613823,0.015448906898498534,0.014694342613220215,0.16359056091308594,-0.5144168861492244,0.54129261062094,-0.33666147073380887,0.5736171431929206,0,0
1708440597.622109,0.015204808235168458,0.014717801094055176,0.16306878662109375,-0.5155251862750272,0.5393875194326404,-0.33885251607610256,0.5731263961691787,0,0
1708440597.6304877,0.014959513664245605,0.014741374969482421,0.16249227905273436,-0.5170235605026458,0.5372017408685725,-0.34218192019829824,0.5718500268673905,0,0
1708440597.6388206,0.014769951820373535,0.014759592056274414,0.16192393493652343,-0.518108737651786,0.5353013602451314,-0.3444179218736121,0.5713073564518434,0,0
1708440597.647155,0.01458005142211914,0.014777842521667481,0.16130101013183593,-0.520780904800275,0.5326030513326174,-0.34785737797139155,0.5693122767247913,0,0
1708440597.655489,0.014397524833679199,0.014795384407043456,0.16078631591796874,-0.5220124164490669,0.5310884152087817,-0.34983914710635067,0.5683843158217924,0,0
1708440597.66382,0.014253645896911622,0.014745264053344727,0.16000868225097656,-0.5232288896684364,0.5293571596924845,-0.3512665709738208,0.5680002818347213,0,0
1708440597.6721578,0.014117647171020507,0.014694279670715332,0.1593394012451172,-0.5241342472167753,0.5279823901272158,-0.3529935893488799,0.5673741374444172,0,0
1708440597.6804953,0.013980377197265624,0.01464330768585205,0.15850698852539064,-0.5257293280407735,0.5261174587358418,-0.35553260656985625,0.5660438562148897,0,0
1708440597.688807,0.013855246543884278,0.014655177116394042,0.15772866821289064,-0.5268856904651591,0.5248139110018136,-0.3569891969045779,0.565261496266906,0,0
1708440597.6971629,0.013674176216125489,0.01460818099975586,0.15688685607910155,-0.5266403588877362,0.5243919294169481,-0.35790244022168377,0.5653042332913071,0,0
1708440597.705479,0.013558026313781738,0.014619150161743165,0.156108154296875,-0.5278031285076493,0.5232717539588662,-0.3593385232034918,0.56434592875774,0,0
1708440597.713821,0.01344558048248291,0.014629770278930664,0.15511198425292969,-0.5281648991865566,0.5227937439800926,-0.36036549363484705,0.5637954011496167,0,0
1708440597.722154,0.013286890029907227,0.014644758224487305,0.1541065673828125,-0.5284908219643483,0.5223585985277754,-0.3606706984815937,0.5636981399534163,0,0
1708440597.7304468,0.013186824798583985,0.014654208183288574,0.153273193359375,-0.5292677290114429,0.5218549685087222,-0.3610724638146306,0.5631782644597495,0,0
1708440597.7388203,0.013091780662536622,0.01459877586364746,0.1521138153076172,-0.5302616719995369,0.5208308868679248,-0.36146703636958005,0.5629381205436875,0,0
1708440597.7471557,0.013050874710083009,0.014473785400390625,0.1510724334716797,-0.5310448171910737,0.5200530652734274,-0.3612934356549729,0.5630304166935125,0,0
1708440597.755453,0.01296851634979248,0.014352575302124023,0.1499133758544922,-0.5321780388507535,0.5194054248986184,-0.36077530005872527,0.5628904983949221,0,0
1708440597.763823,0.012887737274169923,0.014166645050048828,0.14880885314941406,-0.5326119029309483,0.5190191473643843,-0.3610582173449737,0.5626550202540312,0,0
1708440597.7721558,0.012816007614135743,0.013979743003845215,0.14770465087890625,-0.5330678824054011,0.5188915213302898,-0.3605596556159005,0.562660600001335,0,0
1708440597.7804883,0.012753328323364259,0.013791904449462891,0.14660081481933593,-0.5335054435778638,0.5190082122855266,-0.36007242189467525,0.5624502444779144,0,0
1708440597.7888365,0.012705380439758301,0.01353817653656006,0.14533480834960938,-0.5339276614544298,0.519292495701332,-0.35897722004088634,0.5624872643300576,0,0
1708440597.7971556,0.012664055824279786,0.013219317436218262,0.1440695343017578,-0.5340746866396188,0.5201002128396647,-0.35745018608755036,0.5625738717951259,0,0
1708440597.8054852,0.012636140823364258,0.013028234481811523,0.14291334533691405,-0.5335971039519606,0.5210690929269872,-0.3565587797873232,0.5626961594521935,0,0
1708440597.8137891,0.012628649711608887,0.012835439682006835,0.1416497802734375,-0.5332606193359761,0.521539815025711,-0.35632588977814234,0.5627265563335884,0,0
1708440597.8221533,0.01263303279876709,0.012641700744628906,0.14038725280761719,-0.5332729446300188,0.5220141468592032,-0.35568246643322754,0.5626821355524796,0,0
1708440597.830488,0.012574186325073242,0.012453065872192384,0.13883662414550782,-0.5326546611254892,0.5229731671154502,-0.35446789007043894,0.5631434961963763,0,0
1708440597.838829,0.012560253143310546,0.01219633388519287,0.1374591827392578,-0.5329185233894892,0.5232637616271049,-0.3536144243062746,0.5631604936207101,0,0
1708440597.8471534,0.012585658073425293,0.011872182846069336,0.13586805725097656,-0.5330320221137953,0.5237680052778793,-0.35234173501731064,0.563381978828514,0,0
1708440597.8554876,0.012565250396728516,0.011551634788513183,0.13470913696289064,-0.5335149470397107,0.52429787348411,-0.35107160342291116,0.5632248817207008,0,0
1708440597.8638222,0.012601877212524414,0.011162615776062012,0.13322952270507812,-0.533693671644068,0.5250222899246554,-0.3496269054593795,0.5632793950937869,0,0
1708440597.8721585,0.012583459854125977,0.010906445503234862,0.1319028778076172,-0.5331164583475907,0.5267467940417814,-0.3474258282043177,0.5635778147731946,0,0
1708440597.8804872,0.012602798461914063,0.010583352088928223,0.13041764831542968,-0.5320550904687309,0.5292294700491569,-0.3443762196949699,0.5641263788249947,0,0
1708440597.8888326,0.012622358322143555,0.010324728965759278,0.12904165649414062,-0.531247267852103,0.530899401033807,-0.3424509532399226,0.564490465559236,0,0
1708440597.8971617,0.012602668762207031,0.010068763732910156,0.1276575927734375,-0.5304267591957251,0.5330465133662121,-0.33978245160644216,0.5648510859898138,0,0
1708440597.9054909,0.012631213188171387,0.009809748649597168,0.12611636352539063,-0.5293665969806994,0.5347521439883259,-0.33751727276981375,0.5655910413253455,0,0
1708440597.9138222,0.012692611694335937,0.009484622001647949,0.12424983215332032,-0.528264315711385,0.5362510756453343,-0.3355088076155209,0.5663968776058992,0,0
1708440597.9221556,0.012706565856933593,0.009226844787597657,0.12270503997802734,-0.5287995136437387,0.5375444676354225,-0.33363548978418384,0.5657776600224194,0,0
1708440597.9304903,0.012810627937316894,0.008835637092590332,0.12106908416748047,-0.5292438163127745,0.5387924177120577,-0.33190723828016117,0.565191366936067,0,0
1708440597.9388237,0.012896493911743164,0.00851015281677246,0.1195949935913086,-0.529843002052678,0.5399626802446585,-0.32993166264028495,0.5646696302460681,0,0
1708440597.947155,0.01296628761291504,0.008121872901916504,0.11822921752929688,-0.5293178757314063,0.5418456651537854,-0.32827968970882426,0.5643210867121702,0,0
1708440597.955489,0.01304575252532959,0.007797576427459717,0.11669882965087891,-0.5284995775311684,0.5444480122078683,-0.3255814199943778,0.5641465294875907,0,0
1708440597.9638216,0.013042508125305175,0.007477655410766602,0.11531723022460938,-0.5274114351366908,0.5472113576387809,-0.323024087840952,0.5639612998685918,0,0
1708440597.9721375,0.013068110466003417,0.007220443725585938,0.1137196273803711,-0.5262432905313645,0.5498381348298644,-0.32069864564375333,0.5638247889879507,0,0
1708440597.9804883,0.01310074520111084,0.006963040351867676,0.11251123809814453,-0.5255952039707972,0.5517526479642085,-0.31904324976515586,0.5634980949637901,0,0
1708440597.9888232,0.013050039291381836,0.006645405292510986,0.11089747619628906,-0.5244484565018322,0.5547071674970103,-0.31592791039537915,0.5634210979065204,0,0
1708440597.9971554,0.01300209617614746,0.006391491413116455,0.10950475311279297,-0.523103378737406,0.5572576928913521,-0.3136151457601633,0.5634467746787951,0,0
1708440598.0054874,0.01303923225402832,0.0060701313018798825,0.10791038513183594,-0.521699239465408,0.5595170589513417,-0.31084225794463954,0.5640458053009779,0,0
1708440598.0138218,0.012998313903808593,0.005815834999084473,0.10674028778076172,-0.5213786107375712,0.5615057181193371,-0.3087693499620018,0.5635043753861967,0,0
1708440598.0221543,0.012973418235778808,0.005432919979095459,0.10524246215820313,-0.5204019426431563,0.5642198803740993,-0.3053878638774678,0.5635388239108982,0,0
1708440598.0304875,0.013012835502624512,0.005111801624298096,0.10392549896240234,-0.5198681044756244,0.5664004880775998,-0.30289384063145086,0.563189967506184,0,0
1708440598.03882,0.013071809768676758,0.004726375102996826,0.10244788360595704,-0.5188483069075294,0.5683043951416636,-0.3016383218081557,0.5628861717667424,0,0
1708440598.0471575,0.013115737915039062,0.004341718196868897,0.10118820190429688,-0.5194001559608981,0.5701661186058762,-0.2993788268495689,0.561699575911347,0,0
1708440598.0554905,0.013191622734069824,0.003892674446105957,0.09988175964355468,-0.5180747790474768,0.572566907013923,-0.29688519264988544,0.5618049579304661,0,0
1708440598.0638335,0.013235831260681152,0.003572466850280762,0.09895407867431641,-0.5179231365474765,0.574802166583382,-0.2944111463475519,0.5609636219657934,0,0
1708440598.0721571,0.013238579750061034,0.0031895315647125244,0.09773934936523437,-0.5177020706963247,0.5771598386751678,-0.29274066927518433,0.5596195052861084,0,0
1708440598.0804749,0.013320780754089356,0.002868980407714844,0.09676629638671876,-0.5169775145655376,0.5792299016642328,-0.29085876505364155,0.5591315868020833,0,0
1708440598.0888286,0.013321723937988281,0.002550128221511841,0.09560591888427734,-0.5158026675970012,0.5818218057916456,-0.288732335294412,0.5586274376961338,0,0
1708440598.0971587,0.013332626342773438,0.0022311580181121828,0.09444794464111328,-0.5149325524560583,0.5836300579324327,-0.28774292085528397,0.5580541632191174,0,0
1708440598.1054893,0.013329566955566407,0.0019124239683151246,0.09334125518798828,-0.514476467562441,0.5849802237587368,-0.2864255905845349,0.5577387134518453,0,0
1708440598.1138253,0.013384860038757324,0.0016568219661712647,0.0921395263671875,-0.5135117167486619,0.5865651487142921,-0.2856017744596083,0.5573855585405837,0,0
1708440598.122137,0.013419711112976074,0.001337883710861206,0.09076620483398437,-0.5126323017904871,0.5879557658881797,-0.28415947584525797,0.5574670713155523,0,0
1708440598.1304874,0.013393322944641113,0.0011469452381134033,0.08954093170166015,-0.5116517568165613,0.5894197944082352,-0.2833797993211011,0.5572187165765248,0,0
1708440598.1388211,0.01348028564453125,0.0008278772234916687,0.08823756408691406,-0.5110878635371245,0.5906899203814933,-0.2822544814468997,0.5569623251775945,0,0
1708440598.1471546,0.013501770973205566,0.0006367377638816833,0.08708099365234374,-0.5103903471685797,0.5925585178709547,-0.2810785664924628,0.5562112356726684,0,0
1708440598.1554892,0.013611159324645995,0.00038177141547203063,0.08589524841308593,-0.5095703542786768,0.5942505031275636,-0.2794234249126208,0.5559918688712987,0,0
1708440598.1638227,0.01365373706817627,0.00012722189724445344,0.08463409423828125,-0.5082607257293037,0.5961931038545835,-0.27754621726961787,0.5560511596642812,0,0
1708440598.1721568,0.013729404449462891,-0.0001271596699953079,0.08354917907714844,-0.5073818805253829,0.5976382225025861,-0.2759326248814766,0.5561055271716208,0,0
1708440598.1804893,0.013897035598754883,-0.00038106608390808106,0.08232691955566407,-0.5066859480579604,0.5995435442800442,-0.2741225754397248,0.5555841023011773,0,0
1708440598.188824,0.01391097068786621,-0.0006350551247596741,0.08127821350097657,-0.5061627392726099,0.6008393434804183,-0.27280783294115607,0.5553082733283249,0,0
1708440598.1971564,0.014012809753417968,-0.000825030505657196,0.08020199584960938,-0.5054230501381,0.6021532995956344,-0.27172967749333554,0.5550873114720317,0,0
1708440598.2054923,0.014122564315795899,-0.0009512843489646912,0.07912872314453125,-0.5045217597411471,0.6035977705837372,-0.27078479303482517,0.5548000658016417,0,0
1708440598.2138083,0.014196262359619141,-0.001141002058982849,0.07793279266357422,-0.5038532386114861,0.605514035295882,-0.2689320144681799,0.554220389075231,0,0
1708440598.2221541,0.014190893173217773,-0.0013312242031097413,0.0768765640258789,-0.5037581984425765,0.6069299035947052,-0.267838759819872,0.5532866993910193,0,0
1708440598.2304876,0.014244193077087403,-0.0014575105905532838,0.07583971405029297,-0.5034186967495962,0.6084460855067478,-0.2663597275985586,0.5526440802780024,0,0
1708440598.238821,0.014253546714782715,-0.0015841630697250367,0.07478741455078125,-0.5031196603340083,0.6100220211671665,-0.26542309553477805,0.5516288049493389,0,0
1708440598.2471654,0.014250638008117676,-0.0017743120193481445,0.07367422485351563,-0.5023898892319004,0.6116941211991731,-0.26361894000037644,0.5513073373540293,0,0
1708440598.255489,0.014245360374450684,-0.0019645037651062013,0.07267041778564454,-0.5025820512439569,0.6130125420217194,-0.26286233911308177,0.550027542955364,0,0
1708440598.2638326,0.0142273588180542,-0.0021548924446105956,0.07160535430908203,-0.5018350571021428,0.6148449712458411,-0.26099738337229467,0.5495521700681169,0,0
1708440598.2721536,0.014243492126464844,-0.0023448126316070557,0.07077450561523438,-0.501751769322158,0.6162654643182528,-0.2597690525654478,0.5486183342495033,0,0
1708440598.28049,0.014226470947265625,-0.002535245656967163,0.06981922912597656,-0.5014414482075074,0.6180413250979541,-0.2580909886491138,0.547695569492076,0,0
1708440598.2887943,0.014187446594238281,-0.002662706613540649,0.06907831573486328,-0.5017674904632793,0.6189442212385101,-0.25782004267473935,0.546503666420676,0,0
1708440598.2971642,0.014179336547851562,-0.0027262606620788573,0.06812513732910157,-0.5012345510844001,0.6204055216655618,-0.2570605201410893,0.5456929715849675,0,0
1708440598.3054886,0.014229255676269531,-0.002852168083190918,0.06719283294677734,-0.5014967454022713,0.6217030923958794,-0.2562394753275319,0.5443598282453899,0,0
1708440598.3138227,0.014169184684753418,-0.002916700839996338,0.06649754333496094,-0.5016414517904794,0.6228086992362917,-0.2554816148767774,0.543317878092924,0,0
1708440598.3221529,0.014193672180175781,-0.0029162375926971434,0.06561083984375,-0.50132342749158,0.6241523157952785,-0.2545862908827932,0.5424891865164573,0,0
1708440598.3305428,0.014174448013305665,-0.0029800214767456055,0.06487381744384765,-0.5016745791554298,0.6254133299775685,-0.2536370606522322,0.5411552996001754,0,0
1708440598.3388333,0.014124303817749024,-0.0029809906482696534,0.06401168823242187,-0.5020454854601751,0.6267456889128472,-0.2521672982000339,0.5399553913603503,0,0
1708440598.3471546,0.014162055015563965,-0.0029802608489990236,0.06329648590087891,-0.5019387618467233,0.6278884887608506,-0.2516546055809389,0.5389651957056466,0,0
1708440598.3554955,0.01411868953704834,-0.0029810991287231446,0.06260379409790039,-0.5018572268424905,0.6290776706207803,-0.2505156390280759,0.538184475400504,0,0
1708440598.363837,0.014128718376159668,-0.002980905294418335,0.06193232727050781,-0.5024653667410128,0.6302702625221639,-0.2499552039558899,0.5364796084904273,0,0
1708440598.3721528,0.01412625789642334,-0.0029809527397155764,0.06119869232177735,-0.5025979331887533,0.6316864989953233,-0.24915921820151998,0.5350581152242465,0,0
1708440598.3805015,0.014122943878173828,-0.0029810168743133543,0.06063322067260742,-0.5029867611137384,0.632792140501429,-0.24818303831175456,0.5338385519597406,0,0
1708440598.3888223,0.014176839828491212,-0.00297997522354126,0.059922245025634764,-0.503208316517745,0.6335796664727213,-0.24751200177590232,0.5330065707300244,0,0
1708440598.3971558,0.014213580131530762,-0.002979264974594116,0.05931655502319336,-0.502950164142617,0.6341824540054462,-0.2477859476589695,0.532405775852533,0,0
1708440598.4054887,0.014252787590026855,-0.0029785072803497313,0.05871160125732422,-0.5029735601030972,0.634952749912196,-0.24722650260166587,0.5317251993747188,0,0
1708440598.4138207,0.014394172668457031,-0.00297577428817749,0.058150936126708984,-0.5033957518280021,0.6354060712854142,-0.24701038652798063,0.5308838785311338,0,0
1708440598.4221559,0.014502004623413086,-0.0029736900329589843,0.057632392883300784,-0.5031900654745389,0.6359588263406849,-0.24612572310832442,0.5308279015514191,0,0
1708440598.4304867,0.01457577896118164,-0.002972264051437378,0.05715554428100586,-0.5037065533776001,0.6366331012047556,-0.2457155759301816,0.5297186497725387,0,0
1708440598.438824,0.014714525222778321,-0.0029695823192596436,0.056764060974121094,-0.5035802850698698,0.6374944901866946,-0.2451703805198299,0.5290549788275596,0,0
1708440598.4471552,0.014768497467041015,-0.0029685392379760742,0.05639177703857422,-0.5042094134956896,0.6382959181866334,-0.24403159620594686,0.5280149462263773,0,0
1708440598.4554918,0.014800535202026368,-0.0029679198265075684,0.05612294006347656,-0.504227257062315,0.6394820382197187,-0.2431915187454305,0.526949231604918,0,0
1708440598.4638236,0.014899836540222169,-0.0031553714275360106,0.05593906784057617,-0.5046844237215483,0.6404653856343048,-0.24192978295726866,0.5258970531991413,0,0
1708440598.4721117,0.014877212524414063,-0.003345245122909546,0.055813915252685545,-0.505343750813867,0.6411906465325565,-0.24164065327019635,0.5245112234996445,0,0
1708440598.4804466,0.01491929531097412,-0.0035968191623687745,0.05577355575561523,-0.5058279405400827,0.642048637122294,-0.23974305677451266,0.5238653532093792,0,0
1708440598.4887779,0.014999805450439453,-0.003910407781600952,0.05569287872314453,-0.5060858016855908,0.6425496783970447,-0.23867365236760382,0.5234901602787769,0,0
1708440598.497154,0.015011695861816407,-0.00435179328918457,0.05569287872314453,-0.5069200453599606,0.6434923771441257,-0.23796727163979273,0.5218440594181382,0,0
1708440598.5054872,0.015059314727783202,-0.004728971481323242,0.05565256500244141,-0.5066696745962694,0.6440756863400521,-0.23666161171876254,0.5219613413927001,0,0
1708440598.513822,0.015075699806213379,-0.0052332086563110355,0.05565256500244141,-0.5067341632914015,0.6445556217372236,-0.23504394690057798,0.5220372558814591,0,0
1708440598.522159,0.015093744277954102,-0.005737389087677002,0.05565256500244141,-0.5075883684381178,0.6444845029325645,-0.23463361910665523,0.5214794726623532,0,0
1708440598.5304878,0.015118632316589355,-0.006367527008056641,0.05565256500244141,-0.5083276071004544,0.6444309128292034,-0.23314023708915613,0.521495402858872,0,0
1708440598.5388353,0.015149001121520997,-0.007060553550720215,0.05565256500244141,-0.5088932100788623,0.6441247148832934,-0.23237252708301198,0.5216646972096406,0,0
1708440598.5471613,0.015192185401916504,-0.007942376613616943,0.05565256500244141,-0.5097141067652456,0.6440729287224458,-0.23066158961555597,0.5216865362005584,0,0
1708440598.5554883,0.015200457572937011,-0.008763058662414551,0.05569287872314453,-0.510113059131321,0.6441749857324489,-0.2303378240081516,0.5213134839228487,0,0
1708440598.563822,0.01525344181060791,-0.009644557952880859,0.05569287872314453,-0.5105527677867162,0.6441582290703556,-0.23055267830036058,0.5208085356213201,0,0
1708440598.5721538,0.01527517032623291,-0.01052823543548584,0.05573320770263672,-0.5107749456802076,0.6439898052388906,-0.2309641256983582,0.5206166005201183,0,0
1708440598.5804956,0.015311453819274902,-0.011537843704223633,0.05577355575561523,-0.5104375936459704,0.6442543848003373,-0.2305014119030231,0.5208251372328234,0,0
1708440598.5888236,0.015307900428771972,-0.01242454433441162,0.05585429000854492,-0.5103393326691343,0.6444054267381525,-0.22995065932088632,0.5209780621111972,0,0
1708440598.5971563,0.015326088905334472,-0.013500442504882812,0.05593508529663086,-0.5100014023669928,0.6453133269641114,-0.22923897433272142,0.5204985762701708,0,0
1708440598.60549,0.015350994110107421,-0.014322876930236816,0.055912860870361326,-0.5092452740896569,0.6456755396413545,-0.228657757894536,0.5210450702660233,0,0
1708440598.613824,0.015345916748046876,-0.015530122756958007,0.05597146987915039,-0.5093980157796867,0.6456049833597611,-0.2272533030189852,0.5215973535232346,0,0
1708440598.6221087,0.015359512329101562,-0.016610008239746094,0.05592691802978516,-0.5097623932438021,0.6456312156001582,-0.22741812886227963,0.5211368216996652,0,0
1708440598.630499,0.015381429672241211,-0.018009164810180663,0.05592273712158203,-0.5093046647953653,0.64602596776066,-0.22679177242576562,0.5213681003870952,0,0
1708440598.638795,0.0153670072555542,-0.019415521621704103,0.05589609909057617,-0.5088424731761589,0.6464030236737716,-0.2261758067302249,0.5216195542080719,0,0
1708440598.6471093,0.015359064102172852,-0.020504201889038086,0.055828819274902346,-0.5089348663765941,0.6461337794336314,-0.2266319042501695,0.521665031951339,0,0
1708440598.6554875,0.01524290943145752,-0.021995716094970703,0.055797248840332034,-0.5085229879998481,0.6466961922257995,-0.2275264660237464,0.5209799444954485,0,0
1708440598.663822,0.015197440147399903,-0.023289316177368163,0.055747360229492185,-0.5079810547277934,0.6475625442728721,-0.22747076083961779,0.5204565736911816,0,0
1708440598.672157,0.015060202598571777,-0.02479563903808594,0.05569222259521484,-0.5069367868957613,0.6480526350414174,-0.22775999815520634,0.5207381776471168,0,0
1708440598.680488,0.014954520225524901,-0.02610901641845703,0.055659286499023436,-0.5064879243385676,0.6489050731532146,-0.22709342043747738,0.5204044386108839,0,0
1708440598.6888225,0.014811835289001464,-0.02743442916870117,0.05560293579101563,-0.5049098342977415,0.6501806977908159,-0.2265883829101769,0.5205658742502413,0,0
1708440598.697155,0.014620760917663574,-0.028709728240966795,0.055522804260253904,-0.5034268803753318,0.6518076472290912,-0.22596919330387147,0.5202365619357388,0,0
1708440598.7054904,0.014442536354064941,-0.03018635368347168,0.055482418060302734,-0.5023445515914999,0.6532564225202712,-0.22554940701193937,0.5196474364872599,0,0
1708440598.7138307,0.014265979766845703,-0.0315390682220459,0.055505306243896484,-0.5012885499978477,0.6543219913988729,-0.22528215235337928,0.51944245210579,0,0
1708440598.7221177,0.014081015586853027,-0.03303371047973633,0.05550418853759766,-0.5002514090385557,0.6558090876274498,-0.22484242565781523,0.518757049673506,0,0
1708440598.7304893,0.013915360450744629,-0.03426657485961914,0.05559047698974609,-0.4998793255816934,0.656427775791082,-0.22484461751718612,0.5183320528403127,0,0
1708440598.738821,0.013750995635986328,-0.035840431213378904,0.05569384002685547,-0.4990403363011936,0.6579903721255974,-0.22479432714246406,0.5171797910991668,0,0
1708440598.7471545,0.013522894859313964,-0.03723763275146484,0.055838058471679684,-0.4976949137175692,0.6595814306362601,-0.2246643639823964,0.5165055957419636,0,0
1708440598.75549,0.013340320587158203,-0.03876821136474609,0.05598227310180664,-0.49592411712479156,0.6609976243286872,-0.22481234484905913,0.5163340344554765,0,0
1708440598.7638237,0.013124344825744629,-0.04011337661743164,0.056126472473144534,-0.49444162845516304,0.6626062685005528,-0.2248454886353042,0.5156790626425638,0,0
1708440598.7721577,0.01287402629852295,-0.04147653198242188,0.056246433258056644,-0.4927514714462994,0.6638804584485818,-0.22510411557810606,0.5155451990096853,0,0
1708440598.7804902,0.01260620403289795,-0.04278523254394531,0.056300281524658206,-0.4909979868414273,0.6654497386049993,-0.22594422782211016,0.5148270026223275,0,0
1708440598.7888212,0.012288196563720703,-0.04418673324584961,0.05637033843994141,-0.4888251064712008,0.6669732266013604,-0.2265058373577482,0.5146764617778101,0,0
1708440598.797155,0.011989968299865723,-0.045663433074951174,0.05637308883666992,-0.4869126213385866,0.6685574273725341,-0.22685582591119008,0.5142795973868342,0,0
1708440598.8054879,0.011708315849304199,-0.0469365119934082,0.05646600723266602,-0.48594027762156855,0.6695500995033203,-0.2284776971579204,0.5131887267277512,0,0
1708440598.8138218,0.011411970138549804,-0.04829402923583984,0.056533256530761716,-0.4843136547040195,0.6710022147626212,-0.22876909580664687,0.5126997405950874,0,0
1708440598.822156,0.01108841323852539,-0.04959962844848633,0.05670876693725586,-0.48269936958611387,0.6726837913763681,-0.22908452770153565,0.5118770336365738,0,0
1708440598.830489,0.010753971099853515,-0.05106222534179688,0.05696835708618164,-0.4814495528567237,0.6743011897392059,-0.2297145245702636,0.5106422142301611,0,0
1708440598.838838,0.010437862396240234,-0.05238718795776367,0.057253955841064456,-0.48025202016946406,0.675438210501471,-0.23048175134418994,0.5099209666612979,0,0
1708440598.8471317,0.010069637298583985,-0.05388564682006836,0.05759943008422851,-0.47967165082869395,0.6768096781277094,-0.2308093085660872,0.5084985971984426,0,0
1708440598.8554895,0.009759251594543456,-0.05501211547851562,0.057912479400634764,-0.4782149028293842,0.6781510242224235,-0.23074257499239137,0.5081137226855952,0,0
1708440598.8637884,0.009366644859313964,-0.056470043182373045,0.05830284881591797,-0.476063498604166,0.6802029012462849,-0.2309747981139566,0.5072851624935136,0,0
1708440598.8721554,0.009026902198791504,-0.05769984436035156,0.05863485336303711,-0.4742837627431337,0.6817235391303195,-0.231686945730857,0.5065857025147587,0,0
1708440598.8804977,0.008734026908874511,-0.05907125091552735,0.05889847183227539,-0.4719113504323835,0.6825580888350452,-0.2328184988626087,0.5071584221345434,0,0
1708440598.888825,0.008386794090270997,-0.060173908233642576,0.05911923599243164,-0.4701608836102812,0.6836980794701306,-0.23418310972464118,0.506620122278518,0,0
1708440598.8971567,0.00810489273071289,-0.06133528518676758,0.05929673385620117,-0.4683376562540312,0.684286246812626,-0.23563053710257834,0.5068435695933522,0,0
1708440598.9054897,0.007807377338409424,-0.06243511199951172,0.059474079132080075,-0.46696034210170667,0.6846760575438405,-0.23629617784533444,0.5072778794435684,0,0
1708440598.9138212,0.007484890460968017,-0.06362905883789062,0.05973847579956055,-0.4650411613086108,0.685954125384719,-0.23722955427593995,0.5068784633428783,0,0
1708440598.922155,0.007193951606750488,-0.06466556549072265,0.05998652648925781,-0.4631396761811505,0.6866999677674891,-0.23825777456546318,0.5071272261055673,0,0
1708440598.9304984,0.006838164329528809,-0.0657354507446289,0.06025165176391602,-0.4616557021628738,0.6871029605513386,-0.24079854096658565,0.5067342599226587,0,0
1708440598.9388227,0.006628328800201416,-0.06651954650878907,0.060467025756835935,-0.46033413630702585,0.6877150250723768,-0.24153170883629088,0.5067572799094073,0,0
1708440598.9471545,0.006333471298217774,-0.06749924468994141,0.060716171264648434,-0.458471864421766,0.6887602911467715,-0.2425686607602968,0.5065306274987538,0,0
1708440598.955494,0.006062384605407715,-0.068318115234375,0.06094896697998047,-0.45725913184169986,0.6893901029912751,-0.24328040379656177,0.5064287019647082,0,0
1708440598.963791,0.005767982959747314,-0.06923043060302735,0.061082412719726566,-0.4549390426385266,0.689673569334758,-0.24408938050025533,0.507741308724022,0,0
1708440598.9721074,0.0054941196441650395,-0.06998080444335937,0.0611988410949707,-0.4534405086657062,0.6901880780279049,-0.24496707390459646,0.5079599001508688,0,0
1708440598.9804907,0.005238528251647949,-0.07064751434326172,0.06134291458129883,-0.4516405873038441,0.6903679767600973,-0.24665719760407182,0.5085008046265512,0,0
1708440598.988836,0.0050159592628479,-0.07138292694091797,0.06148692321777344,-0.44972451868525615,0.6911160609918789,-0.24720835802233007,0.5089149850107983,0,0
1708440598.9971488,0.004779726982116699,-0.0718870620727539,0.061614330291748044,-0.44774577549654476,0.6917527199684977,-0.24842568058112927,0.5092018890808327,0,0
1708440599.005489,0.004589899063110352,-0.07245307922363281,0.06181472396850586,-0.44594861615307824,0.6922785159049323,-0.25012397362245803,0.5092330467146167,0,0
1708440599.0138228,0.004398915290832519,-0.07286026763916016,0.061925716400146484,-0.4438164389875498,0.6929476926969442,-0.25085645068362933,0.5098249667621458,0,0
1708440599.022154,0.004207254409790039,-0.07318804931640625,0.061991825103759765,-0.4423465389526974,0.6930472726065279,-0.25236755671467226,0.5102211535587543,0,0
1708440599.0304868,0.004028720855712891,-0.07342971801757812,0.062086273193359375,-0.4403561517415551,0.6935761312848456,-0.2530408027579137,0.5108903793894144,0,0
1708440599.0388246,0.0038641865253448487,-0.07366558837890624,0.06206228637695312,-0.438579278979612,0.6935847944299374,-0.25469795769677583,0.5115831391989522,0,0
1708440599.0471547,0.0036419968605041503,-0.07384642028808594,0.06208304595947266,-0.4368132004873269,0.6938180360027779,-0.2558188360260364,0.5122182133911349,0,0
1708440599.055489,0.003433555841445923,-0.0740213394165039,0.061984886169433595,-0.43545881434941774,0.6940469773197716,-0.2566222745104844,0.5126591587943325,0,0
1708440599.0638242,0.0033070552349090576,-0.07407811737060546,0.061898757934570316,-0.43431623680743653,0.6940069883326802,-0.25788009987513877,0.5130512074048996,0,0
1708440599.072159,0.0031806509494781495,-0.07413484954833985,0.06181246185302734,-0.4327036167781696,0.6939614516291679,-0.25826721068608893,0.5142792331075122,0,0
1708440599.0804925,0.0030964350700378417,-0.07417265319824219,0.061754833221435546,-0.43170402839488037,0.6943505635609188,-0.25883610039931937,0.5143080803787533,0,0
1708440599.0888226,0.0029281318187713624,-0.0742481918334961,0.06163935470581055,-0.43056532776160417,0.6942949819223482,-0.2600889217157487,0.5147054521224284,0,0
1708440599.0971575,0.0028718175888061523,-0.07427346801757813,0.06153649139404297,-0.4298363853762115,0.6939692039705369,-0.2610783542598229,0.5152528749373705,0,0
1708440599.105492,0.0027572309970855715,-0.07424310302734374,0.06147856521606445,-0.4286697117190769,0.694161596358415,-0.26120826173855705,0.515899420814042,0,0
1708440599.1138296,0.0027010090351104734,-0.074268310546875,0.061375564575195315,-0.4285219565408208,0.6940030051429618,-0.26184297627555997,0.5159137776926838,0,0
1708440599.1221566,0.0026284844875335694,-0.07421900177001953,0.06134653472900391,-0.42782272555478557,0.6941949701654477,-0.26284487736230017,0.5157263143301702,0,0
1708440599.1304798,0.002553325176239014,-0.07408901977539062,0.06127250289916992,-0.4263665045659362,0.6943094813211621,-0.26371358863218,0.5163343131303059,0,0
1708440599.1388204,0.0024667308330535887,-0.0740458984375,0.061169376373291014,-0.42607508770694524,0.6942369382465611,-0.26445388993775487,0.5162937494795273,0,0
1708440599.1471534,0.0023776803016662598,-0.0739220199584961,0.061021240234375,-0.4251616048745494,0.6945356626110268,-0.26437930518530356,0.5166830871088344,0,0
1708440599.1554894,0.002244483470916748,-0.07373592376708984,0.06079898452758789,-0.42387938959669896,0.6943962828568938,-0.26511370708839505,0.5175468903239737,0,0
1708440599.1638243,0.0021419992446899414,-0.07361785125732422,0.06057667541503906,-0.42337442300580574,0.6944328648185141,-0.2647789191689776,0.5180822238790461,0,0
1708440599.1721542,0.0019518064260482788,-0.07337494659423828,0.06020603561401367,-0.4222853898407717,0.6943211056481505,-0.26592549057301884,0.5185333685794014,0,0
1708440599.180498,0.001760845422744751,-0.0730504150390625,0.05979050827026367,-0.42109483405495407,0.6946699313465255,-0.2665187596480221,0.5187297712254069,0,0
1708440599.1888208,0.001584842085838318,-0.07263756561279297,0.059211524963378906,-0.41915905959010263,0.695313763196692,-0.2657282708374789,0.5198393603621984,0,0
1708440599.197156,0.0014534850120544434,-0.07220542144775391,0.058662540435791014,-0.41761079209253565,0.695597643832169,-0.2658825457065516,0.5206261638047902,0,0
1708440599.205488,0.001336607575416565,-0.07160467529296875,0.05809945678710938,-0.4157476639093499,0.6960520189670047,-0.26566238422800725,0.5216214432045481,0,0
1708440599.2138224,0.0012655007839202882,-0.07090431213378906,0.05752289199829102,-0.4138720815774739,0.6973160381838768,-0.2648136980572992,0.5218562379051339,0,0
1708440599.2221556,0.0012584769725799562,-0.07009788513183594,0.05681550216674805,-0.41151043808211746,0.6980514049861195,-0.26421306547572915,0.5230438367657099,0,0
1708440599.230491,0.0012414145469665527,-0.06929834747314453,0.05622811889648437,-0.4094843083003692,0.6993642903156637,-0.26288053344857265,0.523551332493886,0,0
1708440599.2387884,0.0012516794204711914,-0.06832973480224609,0.05543778228759766,-0.40732429821688737,0.7000256702122043,-0.26104427146403747,0.525268382702515,0,0
1708440599.247165,0.0012763432264328003,-0.06759904479980469,0.05485462188720703,-0.40674691858715106,0.7003577769746875,-0.2612233577199717,0.5251840252583718,0,0
1708440599.2554889,0.0013226102590560914,-0.06662313079833984,0.053953304290771484,-0.4058898638413335,0.7006895655861933,-0.2608981076669526,0.5255660824124538,0,0
1708440599.2638228,0.0012874221801757813,-0.06568352508544922,0.05318522644042969,-0.4052402421157307,0.7008688634100583,-0.26058998115937726,0.5259810360032318,0,0
1708440599.2721577,0.0012612996101379395,-0.06474370574951172,0.05241988754272461,-0.4047021854697557,0.7013878896508505,-0.26019635498378213,0.5258982946138826,0,0
1708440599.2804897,0.0011862894296646117,-0.06358971405029297,0.051541725158691404,-0.4045569855447296,0.7015071479866326,-0.260241746969404,0.5258284963463028,0,0
1708440599.2888236,0.0010742096900939941,-0.06268926620483399,0.05083684539794922,-0.404698091994095,0.7018758473180701,-0.2601319758644509,0.5252819055149995,0,0
1708440599.2971556,0.001028902769088745,-0.061453865051269534,0.04992255401611328,-0.40401708145504545,0.7022402430602567,-0.2593747863023097,0.525693407344474,0,0
1708440599.305489,0.0009255743622779846,-0.06032247924804687,0.04913829040527344,-0.40405776036489544,0.7023786963936011,-0.2599825205938171,0.5251766995968831,0,0
1708440599.31383,0.0008071738481521606,-0.05896777725219727,0.048128326416015624,-0.40414368895868413,0.7023133672961349,-0.2589458385107812,0.5257098777247727,0,0
1708440599.3221557,0.0006963704228401184,-0.05776996231079102,0.047277862548828126,-0.4046255038716507,0.7018768029275954,-0.25833677056021387,0.5262216993274517,0,0
1708440599.3304915,0.0006423378586769104,-0.05648017120361328,0.04634784698486328,-0.40406116288552796,0.7025073057867313,-0.2576131730057908,0.5261686991204221,0,0
1708440599.338825,0.0005501160621643066,-0.055284732818603514,0.04543183517456055,-0.40363521531235097,0.7024077668123899,-0.25639329264116795,0.5272233260372571,0,0
1708440599.347155,0.0005437827706336975,-0.05398942565917969,0.044325031280517575,-0.40390013535736563,0.7021930583868483,-0.2558629749345216,0.5275639568727224,0,0
1708440599.35549,0.0005213959813117981,-0.052856555938720705,0.04323261260986328,-0.4050378352350796,0.7015814299951756,-0.2554335641981957,0.5277135294278038,0,0
1708440599.3638227,0.0005562815070152282,-0.051710155487060545,0.042176132202148435,-0.4062267552353494,0.7009103267730712,-0.2550194030870429,0.5278916991294738,0,0
1708440599.3721566,0.0005485277771949768,-0.050731964111328125,0.041315452575683594,-0.4072071895029861,0.7012278975723291,-0.25403777566343605,0.527187421374154,0,0
1708440599.3804882,0.0006495193839073181,-0.049799633026123044,0.0404498291015625,-0.4085120903832937,0.700709338874781,-0.2540620560124879,0.526855569508908,0,0
1708440599.388822,0.0006685556173324585,-0.04882011795043945,0.03966668701171875,-0.40966168482047854,0.7010238436293666,-0.2530418743626431,0.5260348890044196,0,0
1708440599.3971078,0.0008286644220352173,-0.04772910690307617,0.038800830841064456,-0.4105864628682022,0.7011039132366651,-0.2516568435972868,0.5258715406803458,0,0
1708440599.4054399,0.0009104964733123779,-0.04673953628540039,0.03805608367919922,-0.41227950266777,0.7010540773701444,-0.25097453910411044,0.5249386371219171,0,0
1708440599.413823,0.0009963342547416687,-0.045752689361572264,0.037243629455566404,-0.4129022007776847,0.701049777895048,-0.24982030933979918,0.5250055167356784,0,0
1708440599.4221318,0.0010791041851043702,-0.044696762084960935,0.0365051155090332,-0.41420795020618506,0.7012358438129473,-0.2483247241927007,0.5244376871623302,0,0
1708440599.430489,0.001224245548248291,-0.04355535125732422,0.03562295913696289,-0.41564000730004996,0.7009129262435438,-0.24741403217914615,0.5241667094885116,0,0
1708440599.438824,0.0013620884418487549,-0.04249434661865235,0.03478311538696289,-0.41644886715370777,0.7010672784486129,-0.24569097225416378,0.5241287581294041,0,0
1708440599.447156,0.0014859203100204468,-0.04136867523193359,0.03380702972412109,-0.4173115462027898,0.7004634852041709,-0.24468693083158888,0.5247192542553223,0,0
1708440599.4554915,0.0016220101118087768,-0.040390140533447264,0.03294277954101563,-0.41865748590750607,0.6998148756854087,-0.24339170554643644,0.525114765211309,0,0
1708440599.4638226,0.0017264503240585326,-0.03942307662963867,0.032049510955810545,-0.41963266531095533,0.6997529249226951,-0.24219017584780084,0.524974498668709,0,0
1708440599.472159,0.0018616445064544677,-0.03838036727905274,0.031053417205810546,-0.4208135635991009,0.6992732820970924,-0.24154652264480533,0.52496482477254,0,0
1708440599.4804997,0.001991165280342102,-0.037415107727050784,0.03023723030090332,-0.4222351026476786,0.6986061446990105,-0.2408335429385871,0.525039204342805,0,0
1708440599.4888225,0.002095782995223999,-0.03631573104858398,0.02928561210632324,-0.42405014815253944,0.6982641608635121,-0.24042978174839247,0.5242157406585547,0,0
1708440599.4971576,0.002181256532669067,-0.03543891525268555,0.028548181533813475,-0.42466742336670504,0.6982620162753134,-0.2400133309789825,0.5239096654171403,0,0
1708440599.5054872,0.002296699047088623,-0.0342736930847168,0.02767272186279297,-0.42677119774537925,0.6974100282703003,-0.24020233954755893,0.5232479691764472,0,0
1708440599.5138211,0.002357926368713379,-0.0331949462890625,0.026871667861938477,-0.427863067751641,0.6974277043004231,-0.23917979680238483,0.5228009374346625,0,0
1708440599.5221543,0.002456596612930298,-0.032041599273681644,0.025969284057617188,-0.4296089857171252,0.6967477825267936,-0.23906181385179967,0.5223294832510418,0,0
1708440599.5304875,0.0024998664855957033,-0.03097336769104004,0.025208784103393556,-0.43067347151359564,0.6964466835393596,-0.23820273435125766,0.5222469248023737,0,0
1708440599.5388215,0.002611117124557495,-0.02975514793395996,0.02431267738342285,-0.4318840151452885,0.6956360491038484,-0.23752542348076372,0.5226360063381565,0,0
1708440599.5471566,0.0026591010093688964,-0.028833139419555665,0.023591535568237305,-0.4329628495016262,0.695840920567181,-0.23645481960011014,0.521955673612377,0,0
1708440599.5554874,0.0026816422939300536,-0.027707515716552736,0.022666717529296877,-0.43446475920704003,0.6949398889361985,-0.23565022117661447,0.5222718672140386,0,0
1708440599.5637727,0.0026848247051239013,-0.026657649993896484,0.02191486167907715,-0.43589935065588215,0.6944668260270618,-0.2342353496630467,0.5223421906617145,0,0
1708440599.5721643,0.0026787827014923098,-0.025471845626831056,0.021027849197387694,-0.43727703233973936,0.6941540145543142,-0.23442977135512505,0.5215186490000571,0,0
1708440599.5804906,0.002693537712097168,-0.02435504150390625,0.02027923583984375,-0.4385150325316482,0.6941888185188104,-0.2340594416353326,0.5205983535861425,0,0
1708440599.5888314,0.0027273240089416505,-0.0233073673248291,0.019600400924682616,-0.4391560025196498,0.6938609099152694,-0.23362030781843976,0.5206923971623534,0,0
1708440599.5971546,0.0027723064422607423,-0.022260421752929686,0.018854881286621095,-0.4404013610580095,0.6934306027530404,-0.23338178907467408,0.5203206421813594,0,0
1708440599.6054819,0.0028185887336730957,-0.021146417617797852,0.018110967636108397,-0.4417911812719511,0.6933091947299382,-0.23105703528842586,0.5203417339503538,0,0
1708440599.6138217,0.002859328508377075,-0.019897483825683595,0.01736867904663086,-0.44301308530394895,0.6928419855868958,-0.23007258885782675,0.5203614503298882,0,0
1708440599.6221762,0.002938483715057373,-0.01892262077331543,0.016763809204101563,-0.4443782140587696,0.6929869629726619,-0.22907359036884517,0.5194442755096957,0,0
1708440599.6304882,0.0029686822891235353,-0.017748874664306642,0.01598884963989258,-0.4460828742464097,0.6921799970564165,-0.22889685613839011,0.5191369281175042,0,0
1708440599.6388361,0.0030550796985626223,-0.016640331268310545,0.01531895637512207,-0.44778408042977125,0.6919230393108591,-0.22799533746157094,0.5184110848536345,0,0
1708440599.6471553,0.0030237298011779783,-0.01547688388824463,0.014542267799377442,-0.449344049112357,0.6912890201865252,-0.22690439625593278,0.5183857895963402,0,0
1708440599.6554904,0.0029701814651489256,-0.01452200412750244,0.013932930946350097,-0.4513861919583232,0.691197576186753,-0.22612229350965263,0.5170736157227565,0,0
1708440599.6638238,0.0029702558517456057,-0.013631539344787598,0.01336013698577881,-0.453383164976936,0.6906865935930222,-0.22547290441827153,0.5162922811339303,0,0
1708440599.6721656,0.002932673692703247,-0.012744760513305664,0.012818855285644531,-0.45439299648042974,0.6909676364352139,-0.22462576156952394,0.5153969292821075,0,0
1708440599.6804967,0.002896744728088379,-0.011789810180664063,0.012277683258056641,-0.45629916761177347,0.6910258968027012,-0.2229120076117525,0.5143777562533401,0,0
1708440599.688829,0.002907795190811157,-0.010968803405761719,0.011908642768859863,-0.45803715902711145,0.6910710741542629,-0.22213008042965326,0.5131091209912703,0,0
1708440599.6971762,0.002928508520126343,-0.010147850036621093,0.01147226619720459,-0.45992340913706037,0.6908393788198781,-0.22090338730446218,0.5122627331653679,0,0
1708440599.7054884,0.002996129512786865,-0.009529595375061034,0.011208216667175292,-0.4608835889056251,0.6911129780744595,-0.219841825051296,0.5114868217230281,0,0
1708440599.7138224,0.0030678648948669436,-0.008843723297119141,0.010876980781555176,-0.4622894974568166,0.6909147209695206,-0.2187733988226914,0.5109436976059836,0,0
1708440599.7221546,0.003141355514526367,-0.008226757049560546,0.010613595962524414,-0.4632380584656606,0.6907212179079573,-0.21743789125427915,0.5109163209917829,0,0
1708440599.7304883,0.003220736503601074,-0.007678336143493653,0.0103505220413208,-0.46503430772215354,0.6908337329594374,-0.21636007744602498,0.5095882280664855,0,0
1708440599.738823,0.003305327653884888,-0.00719837474822998,0.010087761878967285,-0.4659096870268748,0.6907422287798664,-0.21587162098187382,0.5091196101193347,0,0
1708440599.7471623,0.0033521833419799803,-0.006856481552124024,0.00985548496246338,-0.4679439701224043,0.68992361268417,-0.21436802123437723,0.5089992255710747,0,0
1708440599.7554946,0.0033972501754760743,-0.006582844734191895,0.009690673828125,-0.4692928908881493,0.689690996254027,-0.21202426645324837,0.5090542073112974,0,0
1708440599.7638218,0.003488175868988037,-0.0063076381683349605,0.009495904922485351,-0.4706620929283716,0.6893785896111186,-0.21114215028044106,0.5085796952319922,0,0
1708440599.7721395,0.003664109468460083,-0.006165275573730469,0.009375855445861817,-0.47184476633151345,0.6887234223195958,-0.20945774643305987,0.5090678013448844,0,0
1708440599.7804558,0.0037578713893890382,-0.006093991279602051,0.009248775482177734,-0.4732555017351991,0.6885040541168062,-0.207851579002211,0.5087132113655695,0,0
1708440599.7888238,0.0038914203643798826,-0.006021329879760742,0.009159098625183106,-0.4744790191392987,0.6884494347456396,-0.20676675506325842,0.5080891057594115,0,0
1708440599.7971556,0.004027570724487305,-0.006016345024108887,0.009069587707519531,-0.475392527158139,0.6877575180149477,-0.20607853624612604,0.5084517233757656,0,0
1708440599.8054895,0.004163830280303955,-0.006011356353759765,0.008980243682861329,-0.4769559091687229,0.6874169941737217,-0.20437374368626307,0.5081361106300658,0,0
1708440599.813822,0.004254730701446533,-0.006008028030395508,0.008920773506164551,-0.4779181666091039,0.6868177653883032,-0.20359662019332686,0.5083541974886678,0,0
1708440599.8221378,0.0043456792831420895,-0.006004698276519775,0.008861377716064453,-0.4791105888935871,0.6864790995495953,-0.2025706998179579,0.5080990056454051,0,0
1708440599.8304536,0.0043995270729064945,-0.0060702342987060546,0.008764803886413574,-0.47981390883430297,0.6865239658710288,-0.20163417626547864,0.5077471237097921,0,0
1708440599.8388228,0.004447552680969238,-0.006135945796966553,0.0087351713180542,-0.48077201180768064,0.686098675640123,-0.20117991793398995,0.5075958417908244,0,0
1708440599.8471668,0.00449561595916748,-0.006201618671417236,0.008705556869506836,-0.481485441424419,0.6857973909066795,-0.19988430303268204,0.5078385030067725,0,0
1708440599.8554885,0.004552245140075684,-0.00633437967300415,0.00860911464691162,-0.4821023784930683,0.6854751312597783,-0.19909457397806873,0.5079984709523545,0,0
1708440599.863822,0.004606399536132812,-0.006399718284606934,0.008512731552124023,-0.4830537414765961,0.6853864145513044,-0.1990020700368748,0.5072501686582912,0,0
1708440599.8721545,0.004666015625,-0.006599626541137695,0.00841640567779541,-0.48338710898772835,0.6848849764016758,-0.19887473757595112,0.5076596483941364,0,0
1708440599.8804889,0.004723156452178955,-0.006732112407684327,0.008320138931274415,-0.48400512113672295,0.6845596335303065,-0.19808613616269102,0.507817918491799,0,0
1708440599.8888233,0.004740936279296875,-0.006866165161132812,0.008186580657958985,-0.48467088580503487,0.6842924377998687,-0.19865526994870306,0.5073204843532371,0,0
1708440599.8971548,0.0048046083450317386,-0.006998233795166016,0.008023659706115722,-0.4848531550442525,0.6842335688442914,-0.1989924085977152,0.5070935421103433,0,0
1708440599.9054878,0.004868555545806885,-0.007130195140838623,0.007860841751098633,-0.4850339747691369,0.6841751896678606,-0.19932924074553005,0.5068670255942713,0,0
1708440599.913823,0.004887035369873047,-0.007264081478118896,0.007727388381958008,-0.4854558113357582,0.6840335910298716,-0.19905759833659947,0.5067611000086281,0,0
1708440599.9221365,0.004866344451904297,-0.007399719715118408,0.007556450366973877,-0.48548205051317495,0.6842623876600062,-0.1998169060783463,0.5061278049843667,0,0
1708440599.9304886,0.004931079387664795,-0.007531465530395508,0.007393798828125,-0.4860961324837532,0.6838947877678843,-0.20047624200067707,0.5057743877467427,0,0
1708440599.9388223,0.0049206514358520505,-0.007733991622924805,0.007156085968017578,-0.48661121627981324,0.6835524103639847,-0.20019311779202925,0.5058540533588584,0,0
1708440599.9471552,0.004950055599212647,-0.007934633255004883,0.006955939292907715,-0.48625955250045677,0.6834460620587168,-0.20034929157280948,0.5062739294207731,0,0
1708440599.9554899,0.004944129467010498,-0.008204345703125,0.006718113422393799,-0.48738058447293814,0.6831397302261178,-0.2005520153789532,0.5055285715223021,0,0
1708440599.9638228,0.004935530185699463,-0.008406886100769043,0.006480200290679932,-0.4870265103339593,0.6830345216414276,-0.20070747172876766,0.5059501297742719,0,0
1708440599.9721541,0.004977047443389893,-0.008674199104309083,0.006213313579559327,-0.4876662421791847,0.6825533446934594,-0.20176349813520272,0.5055631284237218,0,0
1708440599.9804897,0.004945202350616455,-0.009012833595275879,0.00587063455581665,-0.4880061131287167,0.6822841305446471,-0.20239124989321544,0.5053475738433442,0,0
1708440599.9887996,0.004910972118377686,-0.009284388542175294,0.005527682781219482,-0.48840552844634394,0.6819292343544497,-0.20260841552244815,0.5053537294380871,0,0
1708440599.997155,0.004877937316894531,-0.009556035995483398,0.005184460639953614,-0.4888029850765577,0.6815748115761396,-0.20282509132680202,0.5053606882268018,0,0
1708440600.0054874,0.004857645511627197,-0.009894551277160645,0.0047741737365722655,-0.4892910582582401,0.6810199350347618,-0.20302845255872423,0.5055547189439282,0,0
1708440600.013821,0.004816017150878906,-0.010234569549560547,0.004191586017608643,-0.48924576009584403,0.6801901884465379,-0.20417141983804105,0.5062548005978771,0,0
1708440600.022155,0.004769262313842774,-0.010575178146362305,0.00367519474029541,-0.489908359442067,0.6797994124950717,-0.20421731247235828,0.5061203830271006,0,0
1708440600.0304873,0.00469941520690918,-0.010985203742980957,0.003052643060684204,-0.4904507522023891,0.6793976756651277,-0.20476134154854472,0.5059146865822867,0,0
1708440600.0388246,0.0046533064842224124,-0.011258790016174317,0.002534912586212158,-0.49052770342755114,0.6790361250346731,-0.20566613198514855,0.5059584580182102,0,0
1708440600.0471544,0.004603175640106201,-0.01173589038848877,0.0018437093496322633,-0.4920035085640725,0.6777429138198575,-0.2054936644904365,0.5063294041396283,0,0
1708440600.0555034,0.0044543137550354,-0.012085309028625488,0.0012070575952529907,-0.49200660878475866,0.6778615846997671,-0.20572377716952883,0.5060740027883236,0,0
1708440600.0638206,0.004375040531158447,-0.012565807342529297,0.0004741305708885193,-0.4932778881000103,0.6772151178285395,-0.206327256212023,0.505455907555516,0,0
1708440600.072139,0.004295253276824952,-0.012979130744934082,-0.0002601628601551056,-0.4935235467785032,0.676846348102268,-0.2061202250057569,0.5057943943705745,0,0
1708440600.0804899,0.004313572883605957,-0.013385004997253418,-0.001050452709197998,-0.49409743389173816,0.6759646836508016,-0.2064133114986416,0.5062933908858391,0,0
1708440600.0888226,0.004216363430023193,-0.013800664901733399,-0.0018943121433258056,-0.49472655055595083,0.6756427910508735,-0.20688233379561796,0.5059171663990977,0,0
1708440600.0971553,0.004162373542785644,-0.014281258583068848,-0.002941649913787842,-0.49556115957865565,0.6751901305079195,-0.20727018016480234,0.5055457357632862,0,0
1708440600.1054935,0.004038436412811279,-0.014700583457946777,-0.004072231292724609,-0.4960181879856951,0.6745793630122319,-0.20799995750836625,0.505613158943341,0,0
1708440600.113827,0.0039059977531433103,-0.015053297996520996,-0.005138604640960693,-0.49660538021967926,0.6744390442946722,-0.20850152322841775,0.5050169961406467,0,0
1708440600.1221547,0.003705175161361694,-0.015481389045715332,-0.006222841262817383,-0.49714613631409005,0.6740344380944749,-0.20904860628296315,0.5047989298064415,0,0
1708440600.1304889,0.003554154634475708,-0.015837471008300782,-0.007337004661560059,-0.49728293975239407,0.6742214087511929,-0.20922237805108998,0.5043423081844282,0,0
1708440600.1388228,0.0032865474224090577,-0.016342828750610352,-0.008621687889099122,-0.4981177156623593,0.6738908301999742,-0.20950882978656793,0.5038411524404968,0,0
1708440600.1471543,0.0031273946762084962,-0.016770318984985353,-0.009785818099975587,-0.4983730832377064,0.6739858833063795,-0.2095745244489729,0.5034340381023229,0,0
1708440600.155491,0.0029174296855926513,-0.017272859573364257,-0.011038612365722657,-0.4989818007334121,0.6742495112443617,-0.20929696552491006,0.5025928398164005,0,0
1708440600.1638074,0.0027430915832519533,-0.01763533401489258,-0.01207509994506836,-0.4995989497034078,0.6748037473167083,-0.20987063011999688,0.500994109225002,0,0
1708440600.172111,0.002569516658782959,-0.018136560440063478,-0.013404962539672851,-0.499885892445583,0.6751880588428925,-0.21017345896957926,0.5000623178894105,0,0
1708440600.1804898,0.002418658971786499,-0.018567461013793946,-0.01462839698791504,-0.5003171179484874,0.6755722868102502,-0.2099929333324395,0.49918717715526356,0,0
1708440600.1888266,0.0022054572105407715,-0.019075693130493163,-0.01605504608154297,-0.5010046933948519,0.6756516836322591,-0.2106071370727037,0.4981302529997394,0,0
1708440600.1971593,0.0020064897537231444,-0.01944512939453125,-0.01737550735473633,-0.5012720572897353,0.6761509621390585,-0.21052382477898252,0.4972181824863426,0,0
1708440600.205488,0.0017796056270599366,-0.019888349533081055,-0.01867698669433594,-0.5019411417782669,0.6769133203535587,-0.2100154340184912,0.49571863705446606,0,0
1708440600.213822,0.0016136391162872314,-0.020325525283813477,-0.02000782775878906,-0.5021062535959617,0.6770545393601377,-0.2100623771229038,0.4953385241120124,0,0
1708440600.2221382,0.0013385472297668458,-0.020777359008789062,-0.02152328872680664,-0.5026974524827355,0.6777317371028496,-0.20963677862468144,0.493991268046642,0,0
1708440600.2304933,0.001093921422958374,-0.021157081604003907,-0.022818077087402345,-0.5034632409071526,0.6781192121170839,-0.2096921880843387,0.4926543379914281,0,0
1708440600.2388237,0.000801053762435913,-0.02161425018310547,-0.02432393455505371,-0.5040857801917087,0.6788992202096333,-0.20917914805649238,0.4911592988325375,0,0
1708440600.2471554,0.00059296715259552,-0.021851514816284178,-0.025286020278930663,-0.5040676600840566,0.6798400565538375,-0.20910030129635876,0.4899085223975482,0,0
1708440600.2554896,0.0003272917568683624,-0.022307836532592773,-0.026804195404052735,-0.5053162863265648,0.6805683426823288,-0.20866281028301287,0.4877929886842072,0,0
1708440600.2638223,3.480517491698265e-05,-0.02269891929626465,-0.028075359344482423,-0.5049574351927958,0.6816544931006592,-0.20942736828892114,0.48631813239717087,0,0
1708440600.272116,-0.0002795304656028748,-0.02309441566467285,-0.029515047073364258,-0.506147119505246,0.6826791895457529,-0.20891443846125887,0.48385842166083276,0,0
1708440600.2804914,-0.000637217104434967,-0.0234266300201416,-0.030939201354980468,-0.5065914120295465,0.6839614659132324,-0.20834081430285548,0.48182564849451454,0,0
1708440600.2888238,-0.000861964225769043,-0.023599636077880858,-0.03201702880859375,-0.5063795385446315,0.6850217736586842,-0.20834991331432992,0.48053641688094917,0,0
1708440600.2971566,-0.0012263834476470947,-0.02386375617980957,-0.03338357162475586,-0.5065073940289714,0.6862418226597794,-0.20802347076957023,0.47879916617523177,0,0
1708440600.3055427,-0.0015723404884338378,-0.024126245498657228,-0.034521095275878905,-0.5073813179200118,0.6875805760166436,-0.2075996601121169,0.47612974627888954,0,0
1708440600.313822,-0.0018961408138275146,-0.0243150691986084,-0.03585175323486328,-0.507345689043433,0.6889072565820651,-0.20736641649765167,0.4743482922717811,0,0
1708440600.3221097,-0.0022210674285888673,-0.024576221466064453,-0.03699935150146484,-0.5080784546865152,0.6894999243708649,-0.20693463636605225,0.47288919117795786,0,0
1708440600.3304892,-0.002560450792312622,-0.024840370178222656,-0.03820008087158203,-0.5085164863133325,0.6903188783787857,-0.20697277465806752,0.4712038809312913,0,0
1708440600.338821,-0.0029141979217529295,-0.02510755729675293,-0.03933522033691406,-0.50905603644858,0.691582601357882,-0.205920041402072,0.4692252927659623,0,0
1708440600.3471556,-0.003221790552139282,-0.025440986633300782,-0.040545703887939454,-0.509180081107026,0.6926225313160465,-0.2055589354799229,0.46771273129851343,0,0
1708440600.3554902,-0.00355493950843811,-0.025707149505615236,-0.04169010925292969,-0.5093561411458997,0.6937590118952679,-0.20597690246534298,0.46564822553884555,0,0
1708440600.3638227,-0.0037940981388092042,-0.02588766860961914,-0.04276189804077148,-0.5100656042219541,0.6943587870801691,-0.20639676571328905,0.4637880139811409,0,0
1708440600.3721545,-0.004034336566925049,-0.026068788528442383,-0.043595867156982424,-0.5098946070993132,0.6950429811926222,-0.20606530380164043,0.463098067412504,0,0
1708440600.3804877,-0.004296711444854736,-0.026181087493896485,-0.04460263824462891,-0.5103625182062635,0.6959310717482806,-0.20573199681279666,0.4613939623148281,0,0
1708440600.3888328,-0.004547008037567139,-0.02636452102661133,-0.045491344451904295,-0.5100808327227685,0.6971013753238113,-0.20562767762955925,0.4599831250234474,0,0
1708440600.397158,-0.0048165879249572755,-0.02647849464416504,-0.046553955078125,-0.5104500812898116,0.697247888969932,-0.20530256405604172,0.4594963867272681,0,0
1708440600.40549,-0.005103199481964111,-0.02666832160949707,-0.04742659378051758,-0.5109656933400089,0.6979469995822323,-0.20494595877380048,0.4580187759159314,0,0
1708440600.4138234,-0.005365949153900146,-0.026781843185424804,-0.04837339782714844,-0.5111375506980184,0.6987590683976018,-0.2040098273427341,0.4570056560455635,0,0
1708440600.4221547,-0.0056018767356872555,-0.026891450881958007,-0.049272418975830075,-0.5116428970387273,0.6997286353333185,-0.20359002740893584,0.4551400785865518,0,0
1708440600.4304595,-0.0059010272026062014,-0.027011066436767577,-0.05020302963256836,-0.5113646738765606,0.7006035868726929,-0.20327242870493617,0.45424783280813935,0,0
1708440600.4388216,-0.006144095420837403,-0.027122224807739258,-0.051157569885253905,-0.5121701648121985,0.7013373551574555,-0.20239074331461054,0.45259874831593483,0,0
1708440600.4471543,-0.006353463172912598,-0.02722834587097168,-0.05188991546630859,-0.5125272032153113,0.7021355395664431,-0.20212422720901285,0.4510735403550765,0,0
1708440600.4554896,-0.006551110744476318,-0.027259149551391602,-0.05257284164428711,-0.5124063861790984,0.7028805546231551,-0.201441241011691,0.45035548389680463,0,0
1708440600.4638212,-0.00669585132598877,-0.027281707763671875,-0.053278282165527345,-0.5125589869396238,0.7036982332152717,-0.20134688230657594,0.44894488707061414,0,0
1708440600.4721553,-0.006911907196044922,-0.027389204025268555,-0.05406607055664062,-0.513029749028624,0.7040088317377062,-0.20085909537733226,0.44813799574546365,0,0
1708440600.4804876,-0.0070985379219055175,-0.027418371200561523,-0.054753005981445314,-0.5131653298934664,0.7041746212730543,-0.20070183616607729,0.4477926039264,0,0
1708440600.4888213,-0.007285385131835937,-0.02744757080078125,-0.055616416931152345,-0.5133126250110299,0.7049908808573268,-0.2006044099293922,0.4463808581774546,0,0
1708440600.4971588,-0.007496222496032715,-0.027480518341064453,-0.056233482360839845,-0.5136907200244816,0.7054884237205484,-0.20012659676234695,0.44537318203765597,0,0
1708440600.5054893,-0.007789793491363525,-0.027526397705078125,-0.057109432220458986,-0.5140679490578118,0.705984829708762,-0.19964845411642307,0.44436477125637663,0,0
1708440600.5138252,-0.007954857349395751,-0.02770074462890625,-0.05785345458984375,-0.51468072313972,0.706185500240035,-0.19906893073954154,0.443595934916325,0,0
1708440600.5221553,-0.00820954418182373,-0.02781515884399414,-0.05868129348754883,-0.5146218876293863,0.7073871062132269,-0.19843154686253528,0.44203247735159445,0,0
1708440600.5304892,-0.008398847579956055,-0.027993967056274414,-0.05935519790649414,-0.5157390559942402,0.7073387062351333,-0.19805369299143308,0.440976102271096,0,0
1708440600.5388236,-0.008580084800720214,-0.02809725570678711,-0.05997826766967773,-0.5154887658436583,0.7082919662097462,-0.19765587861293668,0.4399158691814275,0,0
1708440600.5471559,-0.008681496620178223,-0.02826264190673828,-0.06057134246826172,-0.5164194354942547,0.7086421992047872,-0.19757058680291165,0.43829562384401594,0,0
1708440600.5554879,-0.008757884979248048,-0.028349523544311524,-0.06123834609985351,-0.5165100336847628,0.7091008949686419,-0.1976143492833545,0.437426428552627,0,0
1708440600.5638208,-0.008785481452941895,-0.02842864990234375,-0.06174965667724609,-0.5165988631250558,0.70955975359561,-0.1976570490391078,0.4365573013182149,0,0
1708440600.57211,-0.00882301425933838,-0.028434675216674806,-0.06226139450073242,-0.5168602049679552,0.7098854331751814,-0.19733824413254344,0.4358621572140601,0,0
1708440600.5804958,-0.008843914985656738,-0.02843802833557129,-0.06272127914428711,-0.5168001505846681,0.7104506266471834,-0.19746874187630822,0.43495240945530855,0,0
1708440600.58883,-0.008863433837890625,-0.028441162109375,-0.06318147277832031,-0.5168763941282861,0.7105321816051862,-0.19738997150125218,0.43476432314635416,0,0
1708440600.5971577,-0.00886699104309082,-0.02844173240661621,-0.06358960723876952,-0.5171361233627283,0.7108571641197751,-0.197070298984705,0.4340687043903709,0,0
1708440600.6054919,-0.008898322105407714,-0.028446760177612305,-0.064102783203125,-0.5172122024928194,0.710938544063011,-0.19699150541570276,0.43388048318257166,0,0
1708440600.6138241,-0.008913688659667969,-0.02844922637939453,-0.06456388854980469,-0.5166930864624624,0.7118346205291347,-0.19684225989968734,0.433096823190256,0,0
1708440600.622111,-0.008934988021850585,-0.02845264434814453,-0.0648470458984375,-0.5172770878163455,0.7116664173177338,-0.19695879660280882,0.43262289836421,0,0
1708440600.6304884,-0.0089341402053833,-0.0284525089263916,-0.065256103515625,-0.5170797969068377,0.7123210865870342,-0.19636205739267826,0.4320522151687429,0,0
1708440600.638822,-0.008940263748168946,-0.0284534912109375,-0.06548698425292969,-0.5175206347607063,0.7126365352509834,-0.1966820705597672,0.4308569677218317,0,0
1708440600.6471555,-0.00889427661895752,-0.02837135696411133,-0.06568600463867187,-0.5174488479882713,0.7128243846688568,-0.19669098742920266,0.4306283146647917,0,0
1708440600.655488,-0.008836380004882812,-0.028362089157104493,-0.06588499450683594,-0.5171972018340512,0.7131482808348296,-0.1970562493789461,0.4302271792473594,0,0
1708440600.663822,-0.00881212329864502,-0.02828349494934082,-0.06595817565917969,-0.5173592219268746,0.713658311398656,-0.1967410661496016,0.4293299434847004,0,0
1708440600.6721542,-0.008774067878723145,-0.028202735900878906,-0.06597873687744141,-0.5173398831210693,0.7139262463292066,-0.19666796019009694,0.4289411019781118,0,0
1708440600.680486,-0.008810938835144043,-0.028059234619140627,-0.06603134155273438,-0.517226716841544,0.7143803707535837,-0.19660144945014496,0.4283515614644511,0,0
1708440600.6888206,-0.008845417022705079,-0.02784066963195801,-0.06603134155273438,-0.5172942416452138,0.7146975180095173,-0.19617908657388172,0.4279344593919788,0,0
1708440600.6971533,-0.00889097023010254,-0.02754918098449707,-0.06603134155273438,-0.5168862264073043,0.7153636469705844,-0.19628743846291818,0.4272642163087783,0,0
1708440600.705488,-0.008924819946289063,-0.027330516815185547,-0.06603134155273438,-0.5166245030487862,0.7159230807695167,-0.19630703553750153,0.42663429848376083,0,0
1708440600.7138216,-0.008980636596679687,-0.02696598243713379,-0.06603134155273438,-0.5167257577040527,0.7162080614912816,-0.19561664081180008,0.42635037928106606,0,0
1708440600.7221565,-0.00901099681854248,-0.026672204971313476,-0.06597873687744141,-0.5163157884903756,0.7168729141503497,-0.19572267343326982,0.4256804836727298,0,0
1708440600.7304695,-0.009037879943847657,-0.02630340576171875,-0.06587355041503906,-0.5160871677923925,0.7173999567265547,-0.19547360115335968,0.4251839619483571,0,0
1708440600.7388024,-0.009039365768432617,-0.026005514144897462,-0.06571581268310547,-0.5156756146409681,0.7180638445929504,-0.19557782450090763,0.424514172403677,0,0
1708440600.7471488,-0.009036760330200195,-0.025632699966430663,-0.06550556945800781,-0.5149371831979624,0.7185935765034167,-0.1960141221184245,0.4243128959725094,0,0
1708440600.7554877,-0.009025588989257812,-0.025110084533691405,-0.06519038391113281,-0.5145890561974291,0.7195701959799476,-0.195690941746378,0.42322794270768643,0,0
1708440600.763821,-0.008983606338500977,-0.024583686828613283,-0.0647704620361328,-0.513884224936617,0.7200670898947801,-0.19585999710527446,0.42316101886494056,0,0
1708440600.772116,-0.008938706398010254,-0.024057554244995116,-0.06435091400146484,-0.5130246007517741,0.721045335299511,-0.196220914207336,0.42237037552915335,0,0
1708440600.7804894,-0.008890485763549805,-0.023309188842773436,-0.06382701873779296,-0.5123822914186121,0.721852870236589,-0.19596239239400207,0.42189046007022946,0,0
1708440600.7888315,-0.008812799453735351,-0.022632312774658204,-0.06325142669677734,-0.5117104968346606,0.722314588868693,-0.1958657064689322,0.42196044748805867,0,0
1708440600.7971594,-0.008738984107971191,-0.021883195877075195,-0.06267658233642578,-0.5113986015437806,0.7228758671551859,-0.19516864579038823,0.4217002945429812,0,0
1708440600.80549,-0.008637295722961427,-0.021058305740356446,-0.061998188018798826,-0.5110922490421107,0.7230582227594414,-0.19437062383369075,0.42212744465158647,0,0
1708440600.8138216,-0.00853557014465332,-0.02030891036987305,-0.061372928619384766,-0.5102451648255248,0.7229006263863934,-0.19442498418301557,0.4233951856140149,0,0
1708440600.8221395,-0.008477627754211426,-0.01956590461730957,-0.06072803497314453,-0.5101324041733583,0.7230558901286102,-0.19345618834751863,0.42370958823479243,0,0
1708440600.8304894,-0.008330187797546386,-0.01866758155822754,-0.059948951721191406,-0.509161719728597,0.7233433112175565,-0.19343812735462976,0.42439425850735546,0,0
1708440600.8388255,-0.008199296951293945,-0.01784665298461914,-0.05927495956420899,-0.5089503283777732,0.7227163624892503,-0.19341949731170702,0.4257223717256717,0,0
1708440600.8471608,-0.008094245910644532,-0.017030149459838866,-0.05852982330322266,-0.5081715373638744,0.7229781851349661,-0.19323039317970625,0.42629361650202124,0,0
1708440600.8554912,-0.0078822603225708,-0.015986265182495116,-0.05760025024414062,-0.5068968633343444,0.7234685520918936,-0.19339504797552481,0.4269041693122549,0,0
1708440600.8638215,-0.007686387062072754,-0.015020187377929688,-0.05677588272094727,-0.5063783689002364,0.7230453487588281,-0.19356243963050038,0.42815878436592114,0,0
1708440600.872158,-0.007463845729827881,-0.013982196807861329,-0.0557274169921875,-0.5057531383472536,0.7228080190630175,-0.19373215501999566,0.42922043400681154,0,0
1708440600.880487,-0.007189797401428223,-0.013016496658325195,-0.05475368118286133,-0.504946944226342,0.7229431150024922,-0.19338066396292997,0.43009969497773437,0,0
1708440600.8888216,-0.006948117733001709,-0.012129142761230468,-0.053762039184570315,-0.505071698594872,0.7221721832173049,-0.19365599241928202,0.43112328223001933,0,0
1708440600.8971603,-0.006625057697296143,-0.011239550590515136,-0.052742923736572266,-0.5048692291782292,0.7218770788315569,-0.19349814504681398,0.43192478987099175,0,0
1708440600.9054909,-0.006280290603637695,-0.010352422714233398,-0.0515541877746582,-0.5046601655483705,0.7209419239955963,-0.19332190338732916,0.43380584368890884,0,0
1708440600.9138231,-0.005956569194793701,-0.009542245864868164,-0.050470726013183594,-0.5041313418219648,0.7206315739063812,-0.19368193928809743,0.4347746864689946,0,0
1708440600.9221556,-0.00551150369644165,-0.008657635688781739,-0.04926055908203125,-0.5037288631536304,0.7200919495814063,-0.19379107978134533,0.43608465712269867,0,0
1708440600.9304943,-0.005270663738250732,-0.007930088996887207,-0.04831472396850586,-0.5033835840638688,0.7197631441030308,-0.19397242443713125,0.4369447171928168,0,0
1708440600.9388216,-0.004947339534759522,-0.00705860710144043,-0.04705089569091797,-0.5029110946539378,0.7192432716750705,-0.19405688211391373,0.4383052292089412,0,0
1708440600.9471545,-0.004671258449554443,-0.006263595104217529,-0.045941230773925784,-0.5027183256631494,0.7185443475118767,-0.1947735566736091,0.43935356066662207,0,0
1708440600.955489,-0.004339920997619629,-0.005398510456085205,-0.04473618698120117,-0.5025626285072066,0.7181900502125507,-0.1953253768368307,0.4398657051364347,0,0
1708440600.9638221,-0.004037373065948487,-0.004608654975891113,-0.04363452529907227,-0.5022134555667402,0.7175687121675691,-0.19532638480546347,0.44127586807313934,0,0
1708440600.972155,-0.0037257440090179444,-0.0038215253353118895,-0.042417434692382815,-0.5023548717121703,0.7167161810354661,-0.1955125742273556,0.44241647557605945,0,0
1708440600.980484,-0.003401017189025879,-0.0029664957523345948,-0.04120504760742188,-0.5025331838474058,0.7162088794122133,-0.1955305266635166,0.44302713721554005,0,0
1708440600.9888203,-0.003039907455444336,-0.0021143674850463865,-0.03971159362792969,-0.5030127159158869,0.7149113495449705,-0.19498820759103022,0.4448141001734039,0,0
1708440600.9971552,-0.002682253360748291,-0.0014065971374511719,-0.0383917350769043,-0.5026494815797322,0.714132564913589,-0.19496182214339894,0.44648411794731224,0,0
1708440601.0054884,-0.002258065938949585,-0.0005612328052520752,-0.03686370849609375,-0.5031305654268692,0.7132512029855961,-0.19532673431366324,0.44719103211279865,0,0
1708440601.0138226,-0.0019446187019348145,7.002495974302292e-05,-0.03570016860961914,-0.5035424617737134,0.7122925601216589,-0.19523228656446262,0.4482952804538,0,0
1708440601.0221539,-0.0015832337141036988,0.0009084013104438782,-0.0341428337097168,-0.503571964557883,0.7116061906757778,-0.19610093099315687,0.4489725411605945,0,0
1708440601.0304875,-0.0012326279878616332,0.0016736268997192382,-0.032756969451904296,-0.5038401452437558,0.7105598507766433,-0.19580497647447412,0.4504555643587235,0,0
1708440601.0388215,-0.0008314428329467774,0.002504602909088135,-0.031214550018310548,-0.5049514538970282,0.7094767242861094,-0.19698448675739955,0.4504041686525398,0,0
1708440601.0471365,-0.0004745188057422638,0.0031937217712402345,-0.029889102935791015,-0.5047382421262904,0.7088261498686808,-0.1974880699665288,0.45144574694160244,0,0
1708440601.0554934,-0.0001803765147924423,0.003881458282470703,-0.028593860626220702,-0.5059552567363704,0.7076194737350336,-0.19774838710283102,0.45186229776961534,0,0
1708440601.0638256,0.00014471690356731415,0.004566065788269043,-0.02707452964782715,-0.5061188081152566,0.7070120656061034,-0.19748604499443248,0.4527438123038705,0,0
1708440601.0721538,0.0004629417359828949,0.005041067123413086,-0.02579098129272461,-0.5075260064384478,0.7052632720138601,-0.19773564396236792,0.4537859403038966,0,0
1708440601.080487,0.0008833727240562439,0.005510955333709717,-0.02437658882141113,-0.5075880021413652,0.7036934104788614,-0.1979494443029823,0.45605484885735703,0,0
1708440601.0888205,0.0012257744073867797,0.005912496089935303,-0.02310526466369629,-0.5090256641546607,0.702329503510016,-0.1982831864100293,0.4564098226146971,0,0
1708440601.0971546,0.0016111009120941162,0.006310792922973632,-0.021794918060302735,-0.5089090621490842,0.7009103534367811,-0.1988551475156734,0.45846796281268054,0,0
1708440601.1054873,0.0020434067249298095,0.006773865699768066,-0.020446599960327147,-0.5087848708328899,0.7003174413262433,-0.19942503684662896,0.4592636386938283,0,0
1708440601.1138208,0.002412534236907959,0.007374044895172119,-0.01894663429260254,-0.5087041895500607,0.6996618430645745,-0.20042644213244576,0.45991583638597766,0,0
1708440601.122108,0.0027480173110961915,0.007905056953430176,-0.017609678268432617,-0.509652871421536,0.6984792900330867,-0.20100960042950783,0.4604082575525284,0,0
1708440601.130488,0.0030486304759979248,0.008435807228088378,-0.01625497055053711,-0.5092422314447304,0.6980558887117468,-0.20162576605147411,0.4612346194309244,0,0
1708440601.1388202,0.003281582832336426,0.008968434333801269,-0.014925159454345704,-0.5093013672201001,0.697408459162479,-0.20242775756670445,0.46179710991390555,0,0
1708440601.1471536,0.003583722114562988,0.00956371021270752,-0.013447254180908204,-0.5093170170122716,0.6968134728349722,-0.20200782493573416,0.4628606689372519,0,0
1708440601.1554875,0.0037244834899902344,0.010031073570251466,-0.01218843936920166,-0.5093001583595663,0.6959373781741978,-0.20288702525675809,0.46381178043400395,0,0
1708440601.1638222,0.003960540533065796,0.010627460479736329,-0.010672052383422852,-0.5093394199355917,0.6955556578276075,-0.20223851927475972,0.46462377801126326,0,0
1708440601.1721566,0.004065343379974365,0.011095626831054688,-0.009328657150268555,-0.5098304082559891,0.6948874157322028,-0.20215063921426973,0.46512315583248076,0,0
1708440601.1804867,0.004313537120819092,0.011553272247314453,-0.00799808406829834,-0.5102308340375888,0.6940332033085718,-0.20228801922102085,0.46589908035473176,0,0
1708440601.188842,0.004476971626281738,0.01215139102935791,-0.006553761959075928,-0.5102004440084182,0.6934584909436349,-0.2025627005643443,0.46666818386303943,0,0
1708440601.1971571,0.004620915412902832,0.0126146879196167,-0.005221275806427002,-0.5101932429152168,0.6926785242447753,-0.20199876274554324,0.46807672097589487,0,0
1708440601.2054768,0.004782588005065918,0.013279029846191406,-0.0038252763748168944,-0.5097375554687914,0.692000802923454,-0.20266042365485767,0.46928803427244015,0,0
1708440601.2138352,0.004827092170715332,0.013749314308166503,-0.002794068813323975,-0.5100451495966096,0.6916494446925391,-0.20297346530185836,0.46933652983392116,0,0
1708440601.2221563,0.004924711227416992,0.014350377082824706,-0.0014165455102920531,-0.5097190131247562,0.6909872020366178,-0.20342974080132362,0.4704673768146138,0,0
1708440601.2304955,0.0049339919090271,0.01495919418334961,-0.0002269027978181839,-0.5098004298924196,0.6906983744364386,-0.20341732076586175,0.4708085384500563,0,0
1708440601.238838,0.004901253700256348,0.015504541397094727,0.000989826202392578,-0.5095779238545708,0.6904142457619207,-0.2039539785623976,0.4712337581076851,0,0
1708440601.2471566,0.004887874603271484,0.01604854393005371,0.0021395273208618163,-0.5095221455440144,0.6898126502279256,-0.20414258583092773,0.4720926725582185,0,0
1708440601.2554905,0.0049304871559143065,0.016587303161621093,0.0032607629299163817,-0.5089592556253975,0.6891203379739745,-0.20521942348374708,0.47324265237177093,0,0
1708440601.2638216,0.004937192440032959,0.017061975479125975,0.004342777729034424,-0.5096449407910539,0.6882385613586106,-0.2054385032046522,0.4736926640223879,0,0
1708440601.2721214,0.0049910016059875485,0.017599788665771485,0.00552963638305664,-0.509245975432084,0.6873217186954549,-0.20469355596343702,0.47577089059671546,0,0
1708440601.2804904,0.005022300243377686,0.018072141647338866,0.006543722629547119,-0.5094060247577202,0.6866881683660704,-0.20473108452939376,0.47649767435317925,0,0
1708440601.288822,0.005107915401458741,0.018606443405151368,0.007594997406005859,-0.50935386715814,0.6853919533443069,-0.20578258748302677,0.4779644765235103,0,0
1708440601.2971554,0.005164878845214844,0.019007905960083008,0.008406955718994141,-0.509762569636187,0.684594351540966,-0.20578143930142329,0.4786718325743049,0,0
1708440601.305669,0.005225982666015625,0.019544891357421875,0.009419411659240722,-0.5097167483350918,0.6837644551215221,-0.2070138001744567,0.47937490984383885,0,0
1708440601.3138223,0.005212641716003418,0.02002297019958496,0.010290539741516114,-0.5095124926505772,0.682843109531564,-0.20749452775961896,0.4806956561583025,0,0
1708440601.3221557,0.005253583908081055,0.020562768936157227,0.011198725700378418,-0.5095796195068848,0.6817113223481075,-0.20838837649907005,0.4818428812461886,0,0
1708440601.3304627,0.005288500308990479,0.020967193603515625,0.012039761543273925,-0.5091850725974723,0.6803795600995113,-0.20921489246296035,0.4837802714919247,0,0
1708440601.3388214,0.005288478374481201,0.021376283645629882,0.012844378471374512,-0.5097038802077776,0.6791794221777926,-0.20973525635973245,0.4846941276126783,0,0
1708440601.3471544,0.0053261156082153325,0.02178060722351074,0.01381944465637207,-0.5099179550666811,0.6775359305014953,-0.2101708156715194,0.4865767933611243,0,0
1708440601.3555682,0.005375202178955078,0.022115198135375977,0.014526055335998536,-0.5102078009361717,0.675820909439582,-0.21116239054488742,0.4882259167523073,0,0
1708440601.363822,0.005465509414672852,0.022444095611572266,0.01533515739440918,-0.5103389567872663,0.6744324191654003,-0.2125178717474186,0.48941925355699284,0,0
1708440601.3721552,0.005556859970092773,0.022704416275024415,0.016009557723999025,-0.5105202219112367,0.6730718662498589,-0.21291801217688475,0.4909269440162249,0,0
1708440601.3804893,0.005663496494293213,0.023030630111694338,0.016616376876831054,-0.5100839448269588,0.672044388129847,-0.21323203145884886,0.4926487643725792,0,0
1708440601.3888314,0.005724741458892822,0.023294870376586913,0.017120553970336915,-0.5102780786729488,0.6709185483436427,-0.21404590346271843,0.4936283292894753,0,0
1708440601.3971376,0.0058291850090026855,0.023552772521972656,0.017659519195556642,-0.5100797103160508,0.6691453813780757,-0.2150259416509324,0.49580942567125424,0,0
1708440601.4054892,0.005845410346984863,0.0237551326751709,0.01806131362915039,-0.5094994231649514,0.6684696556470772,-0.215236491607347,0.49722420997593714,0,0
1708440601.4138217,0.005898282527923584,0.023883874893188477,0.018364002227783203,-0.5094159598827314,0.667153169730873,-0.2159098535227905,0.4987834852248714,0,0
1708440601.4221363,0.005876994609832763,0.024091800689697265,0.01866406059265137,-0.509213148841906,0.6660511577061126,-0.21656659931963895,0.5001767133079722,0,0
1708440601.4304883,0.005879795074462891,0.024159666061401366,0.018931968688964844,-0.5095152684192994,0.6648557744401256,-0.21682267933921393,0.5013470910766238,0,0
1708440601.4388242,0.00593619155883789,0.024287818908691406,0.019167509078979492,-0.5089469708580856,0.6637646689159228,-0.21730603013344685,0.5031575520051819,0,0
1708440601.447155,0.005932984352111817,0.024288299560546876,0.01930143737792969,-0.5090218172340589,0.6630064613501584,-0.2175442625477002,0.5039778920004887,0,0
1708440601.4554906,0.005983003616333008,0.024349081039428712,0.019402936935424806,-0.509078129124693,0.6616991396730068,-0.21865291212688498,0.5051580044332162,0,0
1708440601.4638221,0.006066207408905029,0.02433660316467285,0.019471954345703125,-0.5093627698662997,0.6609456643991903,-0.2188169967098323,0.5057860407824828,0,0
1708440601.4721544,0.00611784839630127,0.02439707374572754,0.019506437301635742,-0.5088126017958161,0.6604014734916077,-0.21908267155657013,0.5069343419915506,0,0
1708440601.4804988,0.006179596424102783,0.024524188995361327,0.01954090118408203,-0.5088224320613352,0.6598573321512375,-0.21945601885598282,0.5074712514530252,0,0
1708440601.4888203,0.006189694404602051,0.024590871810913087,0.01954090118408203,-0.508966591225166,0.6592085666212183,-0.21972585006766435,0.5080527947503461,0,0
1708440601.4971554,0.006209972858428955,0.02472422409057617,0.01954090118408203,-0.5088403051236194,0.6588715663070963,-0.22058079178524317,0.508245925068645,0,0
1708440601.5054882,0.006230360984802246,0.024857559204101563,0.01954090118408203,-0.5082926763797851,0.6588594087292837,-0.22111126959755814,0.5085790488100432,0,0
1708440601.513823,0.0063042488098144535,0.025050867080688478,0.019508489608764647,-0.5081348105390429,0.6583103550174197,-0.22171498744555393,0.5091845993928852,0,0
1708440601.5221097,0.0062729578018188474,0.025123947143554686,0.019474023818969725,-0.5078547359155151,0.657986311733072,-0.2216615946883955,0.5099055501941013,0,0
1708440601.5304883,0.006262490272521973,0.025330364227294924,0.01943954086303711,-0.507581436342994,0.6580925346200951,-0.22149642977471806,0.5101123741291458,0,0
1708440601.5388258,0.006274452686309814,0.025396772384643555,0.019372644424438475,-0.5079705549367853,0.6575554493719884,-0.22157081560256756,0.5103852536467568,0,0
1708440601.5471556,0.006296953201293945,0.025529808044433593,0.019305749893188475,-0.5075253447466521,0.6572255378724257,-0.2217460412825064,0.5111764088624484,0,0
1708440601.555494,0.006193460464477539,0.025682796478271486,0.01920209503173828,-0.5071079311063128,0.6570050567480671,-0.22179839797282147,0.5118509587731026,0,0
1708440601.563825,0.0061439785957336426,0.025895790100097658,0.019065927505493165,-0.5068060460119529,0.6570000856015383,-0.2217576209904773,0.5121738797669965,0,0
1708440601.5721128,0.006010417461395264,0.026122520446777344,0.018927274703979494,-0.5061213119438165,0.6570904951563779,-0.22239534322267068,0.5124584141147265,0,0
1708440601.5804896,0.005890034675598145,0.026416095733642578,0.01872123336791992,-0.5058243546320446,0.6566431679358355,-0.22311051910170632,0.5130138080054579,0,0
1708440601.588823,0.005738440990447998,0.026784029006958008,0.018547107696533203,-0.5052802753849078,0.6569553991827293,-0.22315891024080714,0.5131291597426559,0,0
1708440601.597155,0.005588025569915772,0.027152637481689453,0.018372556686401368,-0.505155920752571,0.6569441923005295,-0.22353571621676294,0.5131019614468872,0,0
1708440601.6054878,0.005368064403533936,0.027602802276611327,0.01812747001647949,-0.5046072282030188,0.6571511158847287,-0.22321231164716862,0.5135174961685686,0,0
1708440601.6138227,0.005190931797027588,0.02804706573486328,0.017916732788085938,-0.504478049396537,0.6570342895885157,-0.22321839251352713,0.513791191907571,0,0
1708440601.6221554,0.005015509605407715,0.02849228286743164,0.017705387115478515,-0.5043483626878338,0.656916475265242,-0.2232258855188123,0.514065826218288,0,0
1708440601.6304934,0.004801103115081787,0.028945650100708008,0.017458045959472656,-0.5049198588425599,0.6566961443286099,-0.22323863080663614,0.513780691130421,0,0
1708440601.6388223,0.0046007404327392575,0.029467458724975585,0.01720988082885742,-0.5050741844633293,0.6563571810850041,-0.22368291574281426,0.5138689187186355,0,0
1708440601.6471555,0.004390409469604492,0.029923114776611328,0.01696088981628418,-0.5053626476851719,0.6559133454953335,-0.22402329475713012,0.5140037452679238,0,0
1708440601.6554983,0.0041416573524475095,0.030596881866455077,0.016571439743041993,-0.5052200266383977,0.6556687930355677,-0.2248081705267879,0.5141132682947009,0,0
1708440601.6638205,0.003924376487731933,0.03119738578796387,0.01621628952026367,-0.5059150963032739,0.655215119941929,-0.22548990380017983,0.5137094413234297,0,0
1708440601.6721551,0.003689548969268799,0.03187369728088379,0.015686920166015625,-0.5061358939926787,0.6547503024653386,-0.22573080815993854,0.5139787051277639,0,0
1708440601.6804907,0.0034269442558288576,0.03262866973876953,0.015256074905395508,-0.5066925723659829,0.6542849524218685,-0.2261563056165116,0.5138357276449758,0,0
1708440601.6888213,0.0031196706295013427,0.03332534408569336,0.014717995643615723,-0.5069417675437796,0.6539236570434785,-0.22627803834408353,0.5139962647908582,0,0
1708440601.6971555,0.0028282296657562256,0.034093029022216795,0.014246120452880859,-0.5073687719227976,0.6539906038537944,-0.2260486292887932,0.5135905043621584,0,0
1708440601.7054892,0.002439572811126709,0.034956096649169925,0.013661024093627929,-0.5080811434415122,0.653832128358927,-0.22625350858651322,0.5129975318256175,0,0
1708440601.713824,0.002121582269668579,0.035737590789794924,0.013146705627441406,-0.5090590206792748,0.6533437577515789,-0.22588777718452346,0.5128114332668036,0,0
1708440601.7221572,0.0018012497425079345,0.03666718292236328,0.012592252731323242,-0.5090933213383912,0.6538234816981738,-0.22633613916069817,0.5119675739312427,0,0
1708440601.7304893,0.0015150232315063476,0.037378074645996094,0.012179637908935547,-0.5095541699299981,0.6540978582860283,-0.22633647535319537,0.5111578167406654,0,0
1708440601.7388225,0.0012517338991165161,0.0383039436340332,0.011587482452392578,-0.5098292364475195,0.6540146467913126,-0.2259888503669429,0.5111438482913074,0,0
1708440601.7471573,0.0009546668529510498,0.03909722518920898,0.011132460594177246,-0.5102882511730944,0.6541618551272604,-0.22563248462751948,0.5106546215680731,0,0
1708440601.7554889,0.0006260267496109009,0.04004776000976563,0.010528393745422363,-0.5114249349226424,0.6535233543755321,-0.22581177128575644,0.5102556465885837,0,0
1708440601.7638211,0.0004014551937580109,0.04090522766113281,0.010036184310913085,-0.512149556324538,0.6533247874249622,-0.22601975969232915,0.5096907323141884,0,0
1708440601.772153,0.00012084277719259262,0.04185398864746094,0.00953513240814209,-0.5135992504920162,0.6529873867977205,-0.2257256406778531,0.508793877525756,0,0
1708440601.7805023,-0.0001269473135471344,0.04272577285766602,0.008999401092529297,-0.5147444966957511,0.6524458904628242,-0.22625827457524164,0.5080941537905542,0,0
1708440601.7888381,-0.0004295727014541626,0.04383815765380859,0.008414954185485839,-0.5166060911169426,0.651504252591139,-0.2255926696945883,0.5077088672090269,0,0
1708440601.7971585,-0.0006432070136070251,0.04478493118286133,0.007873599529266357,-0.518295090338226,0.6502505617290459,-0.2256576907106667,0.5075657786220686,0,0
1708440601.8054903,-0.0010169774293899536,0.04585431671142578,0.007203633308410644,-0.5201612658519831,0.6493992535800335,-0.22534613644540372,0.5068845991981938,0,0
1708440601.8138227,-0.0013273534774780273,0.04683818054199219,0.0066088252067565915,-0.5219121566247745,0.6491911796628413,-0.22470072193674664,0.5056363216038551,0,0
1708440601.8221557,-0.001628616213798523,0.047825233459472656,0.0060106077194213865,-0.5232045805283162,0.6483373060144376,-0.22431632327713205,0.505566881557961,0,0
1708440601.8304892,-0.001986106753349304,0.04898575973510742,0.005288278102874756,-0.5248115286776314,0.6477861474787983,-0.2245531724711206,0.5045015963711897,0,0
1708440601.8388214,-0.0023154799938201903,0.049917373657226566,0.004569632053375244,-0.5268034964794498,0.6467854729403338,-0.22461656731094204,0.5036804789430592,0,0
1708440601.8471556,-0.002641467571258545,0.0510831069946289,0.003765156269073486,-0.528398080237665,0.646095469990556,-0.22499007074524457,0.5027281236889751,0,0
1708440601.8554876,-0.0030047147274017334,0.05211398696899414,0.003028430700302124,-0.5299764128822676,0.6450983981200556,-0.22537585804268434,0.5021740634956815,0,0
1708440601.863822,-0.003314775466918945,0.05313508987426758,0.0022550182342529297,-0.5314266774381284,0.6445042884633096,-0.22522232574215678,0.5014726198033664,0,0
1708440601.8721552,-0.003580214262008667,0.05414833068847656,0.00151851749420166,-0.5331626123750197,0.6438084069720906,-0.22581903281088583,0.5002540915054743,0,0
1708440601.8804884,-0.003953703165054321,0.055280101776123046,0.000684335708618164,-0.5344973126222697,0.643411190549723,-0.22562387583406593,0.4994281995080144,0,0
1708440601.8888228,-0.004131649017333984,0.05635586929321289,-9.302788227796555e-05,-0.5358090290866515,0.6427802359361433,-0.22571697646463076,0.498792657777847,0,0
1708440601.8971562,-0.004446587085723877,0.05748287582397461,-0.0008952995538711548,-0.5378579426172032,0.642194381152596,-0.22547067240148458,0.49745170527364946,0,0
1708440601.905489,-0.004594515323638916,0.0584022331237793,-0.001521564245223999,-0.5393218999235236,0.6416850304272285,-0.22563524099869187,0.4964483293176001,0,0
1708440601.9138234,-0.00488617467880249,0.05953425216674805,-0.0023325419425964354,-0.5410924680533409,0.6411532093987821,-0.22464548371172618,0.495657029529539,0,0
1708440601.9221542,-0.005183139801025391,0.06051530075073242,-0.0031053996086120605,-0.5426986822967752,0.6404682627697236,-0.22424349425844708,0.49496809565993943,0,0
1708440601.9304883,-0.005495701789855957,0.06158810806274414,-0.004044499397277832,-0.5441645545183601,0.6397718223204535,-0.22409165879705517,0.49432769915872915,0,0
1708440601.93882,-0.005800471782684326,0.06258408355712891,-0.004870420932769776,-0.5464831270437535,0.6388810672610924,-0.22362941878996842,0.4931298613476905,0,0
1708440601.9471352,-0.006108775615692139,0.06350609970092773,-0.005776851654052734,-0.5482145321320566,0.6379315098042792,-0.22327610887253735,0.49259720607608676,0,0
1708440601.955491,-0.006435568332672119,0.06444023895263672,-0.0067326478958129885,-0.5507608984684251,0.6362647195937329,-0.223553969255553,0.49178577374687565,0,0
1708440601.9638212,-0.006752712726593018,0.0654583511352539,-0.007738564014434814,-0.5527942944643529,0.6352896786586181,-0.22251912756441844,0.4912338953851544,0,0
1708440601.972156,-0.007054292678833008,0.06639441680908204,-0.008705975532531739,-0.5547044516510626,0.6347292625575941,-0.22219259887124318,0.4899512211643364,0,0
1708440601.980487,-0.007414262294769287,0.067441162109375,-0.009737092971801758,-0.5564441238912626,0.6336666747246544,-0.22139375270663833,0.4897155099321828,0,0
1708440601.9888227,-0.007618057250976563,0.06826751708984374,-0.010458295822143554,-0.5577839727518537,0.6332712909241053,-0.22088369265288577,0.48893241623965866,0,0
1708440601.9971566,-0.007952729701995849,0.06923276519775391,-0.01145511531829834,-0.5598314979043272,0.6324996984593234,-0.22000127281495357,0.4879879709984022,0,0
1708440602.0054882,-0.008164251327514648,0.07015493774414062,-0.012275094032287598,-0.5611705068622944,0.6319158214675014,-0.21919443677412237,0.48756932675671144,0,0
1708440602.0138216,-0.008392688751220703,0.07108867645263672,-0.013144869804382325,-0.5633964737677665,0.6315474050379899,-0.21831517770539058,0.485871138760469,0,0
1708440602.0221565,-0.008556638717651367,0.0720011444091797,-0.013926740646362304,-0.5651405789716686,0.6305762119012286,-0.21781925321077605,0.48532931427645615,0,0
1708440602.0304952,-0.008711039543151855,0.07291409301757812,-0.014712021827697755,-0.5667565165551001,0.6298787893122446,-0.21771349721052133,0.48439714968522096,0,0
1708440602.0388198,-0.008948702812194825,0.07386609649658203,-0.015561870574951172,-0.5691145748677158,0.6292809989934571,-0.2162759764288561,0.4830514836345254,0,0
1708440602.047156,-0.009057480812072754,0.07476901245117187,-0.01630754280090332,-0.5699263162714516,0.6292868004838401,-0.2155481128889227,0.4824117818807708,0,0
1708440602.0554888,-0.009208122253417968,0.07569379425048828,-0.017149911880493165,-0.571269387960433,0.6286276531961855,-0.21474579888349077,0.48204024833381165,0,0
1708440602.0638216,-0.009395372390747071,0.07655220031738282,-0.017917007446289063,-0.5726152224021562,0.6282407426239345,-0.21407003407062217,0.48124773532031007,0,0
1708440602.0721552,-0.009508512496948241,0.07738248443603515,-0.018671867370605468,-0.5744888395177162,0.6270742358823583,-0.21347963137086132,0.4807981986157682,0,0
1708440602.0804884,-0.009718404769897462,0.0782588119506836,-0.019413290023803712,-0.5758341483959619,0.6267732127393681,-0.21264396265789354,0.47995095624185097,0,0
1708440602.0888207,-0.009934539794921876,0.07923008728027343,-0.02025307273864746,-0.5776700221020397,0.6254085755020722,-0.21254308874642958,0.47956948676380146,0,0
1708440602.0971553,-0.010197970390319824,0.08005153656005859,-0.020969003677368165,-0.5784332055874403,0.6253107043683275,-0.21154202541327347,0.47921968179162033,0,0
1708440602.1054952,-0.010452674865722657,0.08087319946289062,-0.021687829971313476,-0.5795935030040357,0.62483626843624,-0.21084709773099702,0.478742631604093,0,0
1708440602.1138217,-0.010749140739440917,0.08162908935546875,-0.022329248428344727,-0.5808778056333843,0.6243413882282246,-0.2098930238780538,0.47825067167610014,0,0
1708440602.1221552,-0.011009593009948731,0.08246145629882813,-0.023101882934570314,-0.5822145862426238,0.6242838899572171,-0.2091606426795903,0.47701951945219156,0,0
1708440602.1304877,-0.011188151359558106,0.08317039489746093,-0.023764230728149413,-0.5838955841843853,0.6231872496125714,-0.20882978394884782,0.4765435049295783,0,0
1708440602.1388216,-0.011347552299499512,0.08396331787109375,-0.024477439880371092,-0.58562901413846,0.6226326961920488,-0.20855388269744224,0.4752603942390561,0,0
1708440602.1471548,-0.011450841903686523,0.08464295959472656,-0.02512769889831543,-0.5871838200815825,0.6217185212954829,-0.2087453515685926,0.4744540337485173,0,0
1708440602.155489,-0.011579794883728027,0.08524659729003906,-0.025649721145629883,-0.589168859736934,0.6209037838129993,-0.2082638778769621,0.47327019901174716,0,0
1708440602.1637945,-0.011611248970031738,0.08589663696289063,-0.026286684036254882,-0.5915148024423582,0.6191130671099235,-0.20921581808089224,0.47226900177077175,0,0
1708440602.1721554,-0.01168491268157959,0.08638672637939453,-0.0267454891204834,-0.5930091158964866,0.6178118439035594,-0.20961717407380076,0.47192089422878025,0,0
1708440602.180487,-0.011734662055969238,0.08686654663085938,-0.02715598487854004,-0.5953890963170496,0.6166712225254912,-0.20984567521623362,0.4703118239116894,0,0
1708440602.1888204,-0.011716212272644043,0.0872230224609375,-0.027451597213745117,-0.5968006524447309,0.6159391242005384,-0.20994857302230516,0.4694353761765893,0,0
1708440602.197197,-0.011696425437927246,0.08757935333251952,-0.02774755096435547,-0.5987251066973677,0.6145061573101475,-0.20999666263409902,0.4688409397666442,0,0
1708440602.2054875,-0.011670452117919922,0.08784150695800781,-0.027945039749145507,-0.6004465743668259,0.6140678609366491,-0.20993056731775298,0.46724054716476976,0,0
1708440602.2138226,-0.011623378753662109,0.08809357452392579,-0.028093252182006836,-0.6019800936250816,0.6131960299379462,-0.20992765197672578,0.4664128643746498,0,0
1708440602.2221546,-0.011550869941711426,0.0882415542602539,-0.028093252182006836,-0.6032465775335947,0.612580640262499,-0.20952889134547437,0.4657640611789171,0,0
1708440602.2304885,-0.011478239059448243,0.08838947296142578,-0.028093252182006836,-0.6042052718433469,0.6118510389458371,-0.20954883998093876,0.46547133728975965,0,0
1708440602.2388215,-0.011405487060546875,0.08853733825683593,-0.028093252182006836,-0.6057769497889035,0.611338012054734,-0.20872760827185685,0.4644705633972852,0,0
1708440602.2471547,-0.011332613945007324,0.08868513488769532,-0.028093252182006836,-0.6067342171809328,0.6106025240889694,-0.20874626094375148,0.4641800755990666,0,0
1708440602.255488,-0.011291748046875,0.08866497039794922,-0.027994434356689454,-0.6082481466180995,0.6097222921894119,-0.2081525073337435,0.4636220845326261,0,0
1708440602.2638216,-0.011250810623168945,0.08864476013183593,-0.027895652770996093,-0.6095567258317942,0.6096534001352574,-0.20718318187056073,0.46242672180611827,0,0
1708440602.2721605,-0.011228447914123535,0.08863372802734375,-0.02771524429321289,0.6106749692499349,-0.6092571780139683,0.2061253019491457,-0.4619460247342698,0,0
1708440602.280489,-0.011125516891479493,0.08858292388916016,-0.02746859359741211,0.6119172819109501,-0.608432221803272,0.20489193740415293,-0.461938061068903,0,0
1708440602.2887914,-0.01101982307434082,0.08853075408935547,-0.027091352462768555,0.6129129816600835,-0.6083509075110286,0.20417518372190208,-0.4610415954160723,0,0
1708440602.2971573,-0.010889647483825683,0.08846650695800781,-0.026534717559814455,0.6139032860002548,-0.6083695270459102,0.20328973289285096,-0.46008971282370864,0,0
1708440602.3054872,-0.010736499786376953,0.08839091491699219,-0.025929918289184572,0.6146245477213892,-0.6084543108418071,0.2017686473240175,-0.45968403854736956,0,0
1708440602.3138235,-0.010538433074951172,0.08829315948486328,-0.025228363037109375,0.6150042421351644,-0.6082656624832736,0.20172804523961574,-0.45944364340676697,0,0
1708440602.3221538,-0.010294057846069337,0.08817253875732421,-0.024430822372436524,0.6159920764744808,-0.6082774332182713,0.20083887366652892,-0.4584932554332232,0,0
1708440602.3304908,-0.010001778602600098,0.08802828216552734,-0.0235382080078125,0.6156788174347406,-0.6083810814628834,0.2009283787504805,-0.4587372114777672,0,0
1708440602.3388247,-0.00964848232269287,0.08785390472412109,-0.022761898040771486,0.6161031069469483,-0.6081567357866405,0.20016486674756734,-0.4587988645343408,0,0
1708440602.3471627,-0.009223051071166992,0.08764392852783204,-0.021843395233154296,0.6163715268158867,-0.6080873048289759,0.20079704361991152,-0.45825377678900936,0,0
1708440602.3554897,-0.008791247367858886,0.08743080902099609,-0.020928598403930663,0.6161874926863365,-0.6076631396630591,0.20088240680728014,-0.4590258399857949,0,0
1708440602.363823,-0.008412167549133301,0.08715333557128906,-0.02006541633605957,0.6160079361720578,-0.6074366555690833,0.20121220201491216,-0.4594220384947923,0,0
1708440602.3721566,-0.007945011138916016,0.0867428436279297,-0.018967445373535157,0.6163407927981175,-0.6066895024512078,0.2017411158261478,-0.4597307789314955,0,0
1708440602.3804903,-0.00755518627166748,0.08637142181396484,-0.017937393188476564,0.6160934052017721,-0.6060147514649431,0.20189261506837253,-0.46088441360701127,0,0
1708440602.3888226,-0.007070437908172607,0.08586499786376953,-0.016676488876342772,0.6155443591344716,-0.6054370767343221,0.20271146399238915,-0.46201637679124247,0,0
1708440602.3971574,-0.006661929607391357,0.0853975830078125,-0.015484149932861329,0.6152957734246057,-0.6050622828495678,0.20293900782194457,-0.4627380575523784,0,0
1708440602.405489,-0.006203503131866455,0.08490745544433594,-0.014330857276916504,0.6147426850555426,-0.6044839527930166,0.2037551215651648,-0.4638690081731714,0,0
1708440602.4138224,-0.00573427677154541,0.08441380310058594,-0.013184165000915527,0.6144954785629934,-0.6040060993678746,0.2041472770825914,-0.46464593471647436,0,0
1708440602.4221587,-0.0052230839729309085,0.08381359100341797,-0.011827635765075683,0.6141349263224664,-0.6029101992064223,0.20541830705817898,-0.46598380115162236,0,0
1708440602.4304912,-0.004750523090362549,0.08323458099365234,-0.010571611404418946,0.6136944678631973,-0.6023082524679118,0.20596821005726607,-0.4670984569045782,0,0
1708440602.4388235,-0.00429578971862793,0.0825793228149414,-0.009122292518615722,0.6129482270178579,-0.6020054445613663,0.20685618664946012,-0.46807524607613976,0,0
1708440602.4471574,-0.003911893844604492,0.08213473510742188,-0.008030645370483399,0.6123770529589373,-0.6016335677140696,0.2073345180228976,-0.46908828362198884,0,0
1708440602.455489,-0.003445301294326782,0.08139266204833985,-0.006476994037628174,0.611856923508468,-0.600991430720576,0.20761244760148564,-0.470465177362734,0,0
1708440602.4638286,-0.0030803971290588377,0.08078862762451172,-0.005079117774963379,0.6115202586585741,-0.6006841654797718,0.20740017409627615,-0.47138803946797264,0,0
1708440602.4721644,-0.0026507885456085204,0.07998545837402343,-0.0035144150257110595,0.6103147480352421,-0.6006272679653065,0.20788178925654957,-0.47280858422779337,0,0
1708440602.4804885,-0.002251922845840454,0.07920119476318359,-0.0021253554821014406,0.6098779290229218,-0.5996837390235074,0.2091319277169018,-0.4740170565019766,0,0
1708440602.488823,-0.0017678650617599487,0.07838206481933593,-0.0007364689111709594,0.6090573589495513,-0.5990231855279525,0.21024300872153126,-0.47541374234242034,0,0
1708440602.4971576,-0.0013058762550354004,0.0775779800415039,0.0006746553778648376,0.6085495891145672,-0.5985711974934209,0.21077038874775364,-0.4763987581377232,0,0
1708440602.5054882,-0.0007260295152664185,0.076641357421875,0.002168102264404297,0.6077527405405571,-0.5980905365139706,0.21213744180075436,-0.47741180476943,0,0
1708440602.5138211,-0.00015786296129226686,0.07579987335205078,0.0035638418197631834,0.6070222736122085,-0.5971170840381884,0.21288869907196997,-0.4792217902916333,0,0
1708440602.5221543,0.0004804364740848541,0.07484976196289063,0.00522119140625,0.6062241057145542,-0.5968439003162758,0.21393035501540553,-0.48010778920251707,0,0
1708440602.5304878,0.001008715510368347,0.07403752136230468,0.006657101631164551,0.6053062066965653,-0.5966911504097264,0.21507338348412416,-0.4809443735334544,0,0
1708440602.5388203,0.0015108438730239869,0.07307826232910156,0.008343741416931153,0.6044069300908517,-0.5962006053618395,0.2155916282027802,-0.48244935678025025,0,0
1708440602.5471537,0.0019609971046447754,0.07239234161376953,0.009740898132324219,0.6034594759700365,-0.5960824737289067,0.21615316610070334,-0.4835288281443669,0,0
1708440602.5554872,0.0024712176322937013,0.071360595703125,0.011472286224365235,0.6026008827732149,-0.5958741842789579,0.21677834321854264,-0.48457535872931035,0,0
1708440602.5638223,0.0028935897350311278,0.07053478240966797,0.012918512344360351,0.6012001773301848,-0.5958925263091004,0.2170906456458415,-0.48615029012559646,0,0
1708440602.5721643,0.0033467729091644287,0.0694613037109375,0.014614745140075684,0.6004743518910499,-0.5956654512063564,0.21746252894961854,-0.4871583775152027,0,0
1708440602.5804884,0.0037761290073394776,0.06864411926269531,0.015852121353149413,0.5991270349483127,-0.5949720034289133,0.21882342757003378,-0.48905155176758536,0,0
1708440602.5888321,0.004201781749725342,0.06759656524658203,0.017372064590454102,0.5980800516056798,-0.5945231558477057,0.2197764620278199,-0.49044957379174553,0,0
1708440602.5971541,0.004640666484832764,0.06662982940673828,0.018769119262695314,0.596461619909263,-0.5947492314119854,0.22105266474902222,-0.4915715491345384,0,0
1708440602.6054873,0.005170055389404297,0.06563352966308594,0.020370580673217772,0.5945866080288396,-0.5945797474759414,0.2231631346847868,-0.4930921961945136,0,0
1708440602.6138241,0.0056187500953674314,0.06459946441650391,0.02195548629760742,-0.5935032430758231,0.5946109170709506,-0.22419411628056804,0.4938914233939631,0,0
1708440602.6221573,0.006052791595458984,0.06380994033813477,0.023205846786499024,-0.5921181849556997,0.594609316338564,-0.2245181997723297,0.4954063023148101,0,0
1708440602.63049,0.006605921745300293,0.06282580184936523,0.02486979103088379,-0.5902268840246319,0.5951239568903097,-0.22560554082587292,0.4965499393240978,0,0
1708440602.6388216,0.00704923677444458,0.061967586517333986,0.02630849838256836,-0.5885484932452472,0.5957507599092616,-0.22654632302669905,0.4973614945271434,0,0
1708440602.6471572,0.007463028907775879,0.06097493362426758,0.027875482559204103,-0.5869648600757416,0.5952104501037914,-0.22735418045188058,0.49950661865505164,0,0
1708440602.655491,0.007864414691925049,0.060144527435302735,0.029292201995849608,-0.5849823911374851,0.5958149490860538,-0.22856914735636233,0.5005559735924726,0,0
1708440602.663823,0.008276468276977538,0.05931543731689453,0.030558780670166017,-0.5834216769370735,0.5955502362466799,-0.23003143695733283,0.5020205344865066,0,0
1708440602.6721566,0.008539200782775879,0.058546363830566404,0.03168486785888672,-0.5821989599817223,0.5953972029824341,-0.2310863120372725,0.5031358166829136,0,0
1708440602.6805003,0.00889558219909668,0.05774740219116211,0.032868865966796876,-0.5799326898657561,0.5953721653077442,-0.23264897278075622,0.5050589145509059,0,0
1708440602.6888235,0.009159259796142578,0.057060256958007816,0.033880050659179685,-0.5785884990494995,0.5952126263574454,-0.23397011283674396,0.5061771138728652,0,0
1708440602.6971567,0.009371699333190918,0.05646824645996094,0.034822566986083985,-0.5768237569003856,0.5947985089571052,-0.23541500548162012,0.5080047940256567,0,0
1708440602.7054913,0.009581274032592773,0.05602646255493164,0.03552365493774414,-0.5753811815541544,0.5952528449060196,-0.2363632222687436,0.5086678380663919,0,0
1708440602.7138236,0.009702971458435058,0.055543746948242184,0.03636544418334961,-0.5738333387277994,0.5950700219995905,-0.23750644920527827,0.51009574884814,0,0
1708440602.722156,0.009822478294372558,0.05520936965942383,0.037037071228027345,-0.5726688694192242,0.5953767441804346,-0.23874188424073908,0.5104696264980464,0,0
1708440602.730488,0.009939722061157227,0.05487654876708985,0.037638736724853517,-0.5704391687213871,0.5956785632911272,-0.24062715397539092,0.5117272419989274,0,0
1708440602.7388418,0.010056280136108398,0.054690410614013675,0.03814025497436523,-0.5693540104146163,0.5961003589028204,-0.24196944009017235,0.5118116702097386,0,0
1708440602.7471635,0.010125860214233399,0.05452075576782227,0.03854232788085937,-0.5679008335427532,0.5965321410255373,-0.24273308576287084,0.5125609230837772,0,0
1708440602.7554884,0.010206835746765137,0.054420112609863285,0.03880751800537109,-0.5663203553413015,0.5965861834388482,-0.24504364282150445,0.5131469444886343,0,0
1708440602.7638223,0.01035348129272461,0.05436965179443359,0.039102516174316405,-0.5649785950674773,0.5966470963267398,-0.24664594493697573,0.5137871333726775,0,0
1708440602.7721307,0.010445362091064453,0.054338031768798825,0.03923080825805664,-0.5636092710553016,0.5964720183530855,-0.24854559791375658,0.5145782842723026,0,0
1708440602.7804868,0.010494450569152831,0.05432114028930664,0.03932892990112305,-0.5625406661726207,0.5969130169630982,-0.24929509686902068,0.5148736073891185,0,0
1708440602.7888205,0.01054360008239746,0.05430422592163086,0.039426994323730466,-0.5615120936544409,0.5968598867173691,-0.2507842685967471,0.5153345604957912,0,0
1708440602.7971537,0.010549864768981933,0.05430207061767578,0.039495037078857424,-0.5608252889213485,0.5969358196685779,-0.25186335854969755,0.5154681978803801,0,0
1708440602.805489,0.010578496932983399,0.054364784240722656,0.03956307601928711,-0.5600160257203212,0.5971248037752774,-0.25304879494300997,0.5155485667307741,0,0
1708440602.8138227,0.010548192977905274,0.054375228881835935,0.039669223785400394,-0.5593445377059219,0.5973125288367807,-0.2539811671813409,0.5156015694236434,0,0
1708440602.8221548,0.010576921463012695,0.05443791961669922,0.03973727416992188,-0.558894302328777,0.5974095419619472,-0.2543503716610637,0.5157953688900071,0,0
1708440602.8304877,0.010626283645629883,0.054420886993408205,0.03983521270751953,-0.5581688004205881,0.5979700250564359,-0.2546904954684504,0.5157636759415296,0,0
1708440602.8388202,0.010553155899047852,0.05444611740112305,0.03991154098510742,-0.5578563063450198,0.5980676543751006,-0.2548065575677401,0.5159312408086077,0,0
1708440602.8471534,0.010559604644775391,0.054443893432617185,0.03997959899902344,-0.5575535170595465,0.5977778076330851,-0.2562172026065565,0.515895819346495,0,0
1708440602.855488,0.010529568672180176,0.05445425796508789,0.04008587646484375,-0.5571861353166203,0.5985868325315116,-0.25600019805580265,0.515462257249545,0,0
1708440602.8638215,0.010522011756896973,0.05452949905395508,0.040192195892333984,-0.5567511739285772,0.5987981367241954,-0.2562228915057726,0.5155761327128445,0,0
1708440602.8721673,0.010492119789123535,0.05453982925415039,0.040298561096191406,-0.5564392188563899,0.5988949094261804,-0.2563397799375468,0.5157423680559492,0,0
1708440602.880488,0.010462298393249511,0.054550128936767577,0.04040496826171875,-0.5564550220824508,0.5993464725752715,-0.25645271422823795,0.5151442793883386,0,0
1708440602.888827,0.01049138069152832,0.05461275100708008,0.04047307586669922,-0.5560051049129665,0.5994409636139879,-0.2568229058324143,0.5153356737416905,0,0
1708440602.8971477,0.010506650924682618,0.05475285720825195,0.04057954025268555,-0.5554468630914466,0.5997657882090132,-0.2571522330237123,0.5153954854865838,0,0
1708440602.9054897,0.010456515312194823,0.054842998504638675,0.04065631103515625,-0.5553536182533731,0.6001126884211072,-0.25696424248471295,0.5151858916474477,0,0
1708440602.913821,0.010544700622558594,0.05495784378051758,0.04068605041503906,-0.5551068095833811,0.6003410088036745,-0.2571760494767136,0.5150801821956462,0,0
1708440602.9221551,0.010494739532470702,0.05504803848266602,0.04076288223266602,-0.5546715155260692,0.600551205591427,-0.2573998055962488,0.5151922910102634,0,0
1708440602.930489,0.010517388343811036,0.05511294174194336,0.04076288223266602,-0.5541931277637168,0.6007454351546558,-0.2583242373941,0.5150179830091925,0,0
1708440602.9388223,0.010467571258544922,0.05520318603515625,0.040839778900146485,-0.5541125462601934,0.600875199367165,-0.25772971690738045,0.515251071043396,0,0
1708440602.9471552,0.010490283966064454,0.05526810073852539,0.040839778900146485,-0.5536343904674844,0.6010687050630394,-0.25865425495273003,0.5150760452191488,0,0
1708440602.9554882,0.010499580383300781,0.05541061782836914,0.04087825012207031,-0.5530603970647958,0.6012751088107374,-0.2591314420551915,0.5152119260731597,0,0
1708440602.963822,0.01048618984222412,0.05548823928833008,0.0409167366027832,-0.5529517818697237,0.6015053223006764,-0.25909041800202653,0.5150803883203545,0,0
1708440602.9721541,0.010531876564025879,0.05561804962158203,0.0409167366027832,-0.5527043996489167,0.6017326542507442,-0.2593022051340254,0.5149738036073885,0,0
1708440602.9804878,0.01054151725769043,0.05576059341430664,0.040955238342285157,-0.5525024669908105,0.6018009459417608,-0.26051458586969023,0.5144985639452008,0,0
1708440602.988821,0.010587428092956543,0.05589035415649414,0.040955238342285157,-0.5515405355926364,0.6020268562360067,-0.2604042293898308,0.51532156642505,0,0
1708440602.9971552,0.010597329139709472,0.05603290939331055,0.04099375534057617,-0.5513078418362972,0.6023702904266348,-0.2604691961973314,0.515136396941315,0,0
1708440603.0054884,0.010620383262634278,0.05609777069091797,0.04099375534057617,-0.5511839827692405,0.6024836410410265,-0.260575099667007,0.5150828364969845,0,0
1708440603.013822,0.010666570663452148,0.05622747039794922,0.04099375534057617,-0.5509239010893465,0.6029255092702804,-0.2611923582797513,0.5145310696967325,0,0
1708440603.0221553,0.010666570663452148,0.05622747039794922,0.04099375534057617,-0.5509239010893465,0.6029255092702804,-0.2611923582797513,0.5145310696967325,0,0
1708440603.0304945,0.010617557525634766,0.056318065643310544,0.04107083892822266,-0.5508296680265895,0.603271941818059,-0.26100412953159,0.5143213698609347,0,0
1708440603.0387807,0.010647598266601563,0.05638046264648437,0.04113912582397461,-0.5507761488659697,0.6027959069814554,-0.2613000620402845,0.5147863814846684,0,0
1708440603.047155,0.01066490650177002,0.05652057266235352,0.04124600601196289,-0.5501604028193567,0.6038221468220482,-0.26129387716286834,0.5142449637784429,0,0
1708440603.055489,0.010623167037963867,0.05660873413085937,0.041391571044921874,-0.5504214366103523,0.6044237979553988,-0.26054427846579015,0.5136387781714515,0,0
1708440603.0637846,0.010707118034362794,0.0567982177734375,0.04152821350097656,-0.5504755711899088,0.6044295887052575,-0.26049035249668395,0.5136013272651749,0,0
1708440603.0721583,0.010712624549865723,0.05701603698730469,0.04167395782470703,-0.5494068352962834,0.605545403444184,-0.26085623031132477,0.5132454853865007,0,0
1708440603.0804873,0.0107850341796875,0.05728308868408203,0.04184941101074219,-0.5496793852276906,0.606133829577272,-0.2607484505164681,0.512312995415709,0,0
1708440603.0888035,0.010917465209960937,0.05760168075561523,0.04198611831665039,-0.5486961773152139,0.6072819008160523,-0.26065264138868166,0.5120560502631218,0,0
1708440603.097165,0.010972094535827637,0.0579488525390625,0.04213214111328125,-0.5485128091679796,0.6076297442518473,-0.26066038618483645,0.5118358638204111,0,0
1708440603.1054897,0.01104006862640381,0.05843856048583984,0.042317188262939454,-0.5473028158786893,0.6092331962509487,-0.2604788375939298,0.511317224801656,0,0
1708440603.1138232,0.011139827728271484,0.059138290405273436,0.04247296905517578,-0.546852654461502,0.610182904531904,-0.2600437763119962,0.5108876941915463,0,0
1708440603.1221545,0.0111723051071167,0.059864990234375,0.04270710372924805,-0.545683009350167,0.6117879097865707,-0.2598039960598516,0.5103405746520949,0,0
1708440603.1304877,0.011248380661010741,0.060799610137939455,0.04298096084594726,-0.543819976041059,0.6132755122181678,-0.2593502684909051,0.5107743615980967,0,0
1708440603.1388211,0.011279973983764648,0.061605690002441406,0.043255565643310546,-0.5425198340077252,0.6151021600047788,-0.25906601761739034,0.5101042623888528,0,0
1708440603.1471555,0.01134083080291748,0.0627768211364746,0.04364916229248047,-0.5406310548741051,0.6171863270333117,-0.25766526321378463,0.5103015457619828,0,0
1708440603.1554985,0.011385519027709961,0.06388467025756836,0.04404428482055664,-0.5392370246934136,0.6190221760749799,-0.25688409325499534,0.5099466137753655,0,0
1708440603.1638205,0.011478116989135742,0.0652801971435547,0.044520427703857425,-0.5381348934972582,0.620409428970763,-0.25608677234014554,0.5098259824339341,0,0
1708440603.1721544,0.011564242362976073,0.06653391265869141,0.04495880508422852,-0.5368585785472006,0.621797684974005,-0.2549093139610885,0.5100703242291612,0,0
1708440603.1804874,0.011684223175048828,0.0679322509765625,0.04543910598754883,-0.5361049543256168,0.6228311121454039,-0.25444922042967283,0.5098318060669242,0,0
1708440603.1888223,0.011805397033691406,0.0694146957397461,0.04589204025268555,-0.535254802667998,0.6232824487363823,-0.25447105585006086,0.5101625041227809,0,0
1708440603.197164,0.011960445404052734,0.07120095062255859,0.04646857452392578,-0.5350144951016935,0.6239627744469436,-0.2546908008564688,0.5094728085600099,0,0
1708440603.2054906,0.01213893222808838,0.07298931121826172,0.04704841232299805,-0.5343247327566114,0.624541333597933,-0.25383587999660234,0.5099142541194626,0,0
1708440603.2138233,0.012311694145202636,0.07463568878173828,0.04759057998657226,-0.5346663874304861,0.6245318308533673,-0.25434890031621765,0.5093117644691704,0,0
1708440603.2221553,0.012369437217712402,0.07611116790771484,0.04810597229003906,-0.5342045602638325,0.6245338196857115,-0.2539788642718193,0.5099781532405963,0,0
1708440603.2304895,0.012508021354675294,0.07779681396484375,0.048665477752685544,-0.5352084296374768,0.6241806586481541,-0.2538802966773525,0.5094067636778278,0,0
1708440603.2388217,0.012600948333740234,0.07976090240478516,0.049364849090576174,-0.5346759074710378,0.6236131072519766,-0.25374781468765883,0.5107253584268192,0,0
1708440603.2471554,0.012674355506896972,0.08150927734375,0.04991377639770508,-0.5359318089148997,0.6225620385304047,-0.2531517744870365,0.5109870790347557,0,0
1708440603.2554882,0.012728057861328124,0.08344820404052734,0.050706462860107424,-0.5365537790935222,0.621750658262186,-0.2532533681685627,0.5112718403279501,0,0
1708440603.263821,0.012800698280334472,0.08506364440917968,0.05140776062011719,-0.536862433984793,0.621722038792658,-0.25270285313752644,0.5112550141163268,0,0
1708440603.272164,0.012932775497436523,0.0871626968383789,0.052369625091552734,-0.5374350735222375,0.621559898144886,-0.252153582515838,0.511121743781674,0,0
1708440603.2804878,0.013116523742675782,0.0889999008178711,0.05324011993408203,-0.5379843105556005,0.6212777398174243,-0.25180808812408123,0.5110572550650151,0,0
1708440603.2888212,0.01332694911956787,0.0910950927734375,0.054289875030517576,-0.5383024701092628,0.620748835524622,-0.25050614353478523,0.5120039228987772,0,0
1708440603.2971551,0.01351115322113037,0.09270829772949218,0.05508606719970703,-0.538664677338605,0.6199940866568107,-0.2495840040796251,0.5129868722863985,0,0
1708440603.3054948,0.013735901832580567,0.09474640655517579,0.056076465606689455,-0.5390009467264305,0.6194399367201769,-0.24877194482310144,0.5136970289040186,0,0
1708440603.3138201,0.013996437072753906,0.09687171173095703,0.057044239044189454,-0.5398156821476237,0.6174205603758949,-0.2489551497970961,0.5151817428655233,0,0
1708440603.3221538,0.014131010055541992,0.09865365600585937,0.05785556411743164,-0.5413011774458689,0.6153588622565225,-0.24899061594635694,0.516071855656357,0,0
1708440603.3304858,0.01423151683807373,0.1005655975341797,0.05865650939941406,-0.5421679648672626,0.6138553773379927,-0.24870526027628287,0.5170891647406453,0,0
1708440603.3388214,0.014277556419372558,0.10235193634033203,0.05946286392211914,-0.5428369045343352,0.6120722009621071,-0.2487541562159694,0.5184757582084093,0,0
1708440603.3471572,0.01429191493988037,0.10464079284667968,0.060379291534423826,-0.5445399895684819,0.609835938784316,-0.24915361209789383,0.5191327517093979,0,0
1708440603.3554878,0.014182721138000488,0.10648455047607422,0.0611200065612793,-0.5463655740039379,0.6076176017833494,-0.2495433111802474,0.519628375877048,0,0
1708440603.3638227,0.014130866050720215,0.10849925994873047,0.061880264282226566,-0.5485125429072277,0.60478777128492,-0.2504339850039632,0.5202389321426216,0,0
1708440603.372112,0.014029349327087402,0.1099998779296875,0.0624763298034668,-0.5505515545969519,0.6028213882145922,-0.25055123603743695,0.5203108924978357,0,0
1708440603.3804872,0.013990017890930176,0.11195368957519532,0.06324469757080078,-0.5518807429561583,0.6005480717345156,-0.2507983068074138,0.5214114298861847,0,0
1708440603.3888311,0.013955912590026855,0.11373175048828126,0.06387736511230468,-0.5532661767890383,0.598878904945477,-0.25074433159557713,0.5218887333005207,0,0
1708440603.3971608,0.013941638946533203,0.11571315765380859,0.06462196350097656,-0.5549261777247276,0.596465568890041,-0.25171588471098877,0.5224221366663752,0,0
1708440603.4054894,0.013900462150573731,0.11743891906738281,0.06518157196044921,-0.5570707883146103,0.5941693511207685,-0.2516603511853285,0.5227829092593327,0,0
1708440603.413827,0.013918249130249024,0.11913821411132812,0.06577511596679687,-0.5589187112260785,0.5917559900101952,-0.2532274815936089,0.5227911645306118,0,0
1708440603.4221573,0.013849493026733398,0.12092341613769532,0.06640139770507812,-0.5603776337308464,0.5894211943309546,-0.25321852443805704,0.5238701398870258,0,0
1708440603.430494,0.013805140495300293,0.12239932250976562,0.066903564453125,-0.5628824935874512,0.5863821194385205,-0.25438880287634813,0.5240282845459575,0,0
1708440603.4388225,0.01382707977294922,0.12404496765136719,0.06742225646972656,-0.5650608352382622,0.583670219386123,-0.2556554307514435,0.5240950262170053,0,0
1708440603.4471538,0.013790157318115235,0.12533373260498046,0.06786343383789062,-0.5678886352115177,0.5806911854366026,-0.2563953611255628,0.5239863222949676,0,0
1708440603.4554899,0.013800539016723633,0.126594482421875,0.06833857727050781,-0.569557570529333,0.5784554655556576,-0.25700591749133683,0.5243485408036419,0,0
1708440603.463805,0.013824342727661133,0.127854248046875,0.06881488037109375,-0.571711102982905,0.5760835238712849,-0.2581829975194425,0.5240379099743713,0,0
1708440603.4721804,0.013877623558044434,0.1292073974609375,0.06938967132568359,-0.5738574636831708,0.5734377879142474,-0.25930756026255647,0.5240384466898801,0,0
1708440603.4805083,0.01389130687713623,0.1302791748046875,0.06980440521240235,-0.5753254834050489,0.5710617354793258,-0.25979856776070503,0.5247797481288441,0,0
1708440603.4888263,0.013933004379272461,0.13144395446777343,0.07031787109375,-0.577481991476812,0.5688338076931041,-0.26010794348054117,0.524677551395598,0,0
1708440603.4971585,0.013943825721740723,0.13231317138671875,0.0706209487915039,-0.5786428072392696,0.56682738062808,-0.26044741070096583,0.5254011436742464,0,0
1708440603.5054884,0.013911373138427734,0.13322457885742187,0.0709395751953125,-0.5804692302796206,0.5641871758783058,-0.2613196606481856,0.5257949868401518,0,0
1708440603.513822,0.013946822166442871,0.13397108459472656,0.07117870330810547,-0.5826556520035918,0.5616052695349838,-0.26192181988615765,0.5258410979469468,0,0
1708440603.5221553,0.01400170612335205,0.13470416259765625,0.0715014877319336,-0.5840628593823337,0.5595750785232012,-0.26255284738827706,0.5261295504068477,0,0
1708440603.5304878,0.014096237182617188,0.13518136596679686,0.0717790298461914,-0.5865024825102009,0.5573484250924086,-0.26328277494131963,0.5254138884658733,0,0
1708440603.5388296,0.014200654983520508,0.1355387725830078,0.0721253433227539,-0.5877813096071739,0.5555808931698811,-0.26359370487096856,0.5257008462732629,0,0
1708440603.547158,0.01432327365875244,0.1358808135986328,0.07242253875732421,-0.5894507718344946,0.5541742534718436,-0.26438441491177783,0.5249185958830285,0,0
1708440603.555461,0.014407751083374023,0.13614434814453125,0.07267045593261719,-0.5912353455396846,0.5516630405651175,-0.265266700619089,0.5251116384156135,0,0
1708440603.563821,0.014516876220703126,0.13627346801757811,0.07293727874755859,-0.5920801413939353,0.5497558511170514,-0.2660575249630578,0.52575945405151,0,0
1708440603.572134,0.014618524551391602,0.13629629516601563,0.07318860626220704,-0.5932486936868592,0.5478500993845838,-0.2670589813797714,0.5259237208349161,0,0
1708440603.580494,0.014633774757385254,0.13628276062011718,0.0732723617553711,-0.5942483996439414,0.5462499306869543,-0.2670992924906357,0.5264388055152289,0,0
1708440603.5888302,0.014697274208068848,0.13622647094726562,0.07334048461914063,-0.5952568461743276,0.5442469687709104,-0.2681572691559236,0.5268360413654254,0,0
1708440603.5971563,0.014712509155273437,0.13598745727539063,0.07347651672363281,-0.5974043684556453,0.5420376179410638,-0.2681181058867647,0.5267028587567193,0,0
1708440603.6054919,0.014688905715942382,0.135670654296875,0.0735625991821289,-0.5984167226010475,0.539922813163313,-0.2686839559849266,0.5274369369399411,0,0
1708440603.613825,0.014682851791381835,0.13511479187011718,0.07378361511230469,-0.5998590828991255,0.5380805524855995,-0.2683257280772784,0.5278633383642294,0,0
1708440603.6221569,0.014646934509277345,0.13458705139160157,0.07396989440917968,-0.6011281733243354,0.5365786995845898,-0.2686220476040159,0.5277977190325182,0,0
1708440603.6304955,0.014593911170959473,0.13374244689941406,0.0742396240234375,-0.6027527017277275,0.5345850661370711,-0.26875692899330555,0.5278993223139168,0,0
1708440603.6388223,0.014546089172363282,0.13289781188964844,0.07450727844238281,-0.6036660860821437,0.5330776289542598,-0.2690666233747903,0.5282221401477958,0,0
1708440603.6471577,0.014597319602966308,0.1318628692626953,0.07485536956787109,-0.6052498405039882,0.5311790329863044,-0.26991218333230993,0.5278909652091242,0,0
1708440603.6554909,0.014623447418212891,0.13085623168945312,0.07516683197021484,-0.6061236709387631,0.5297675521228231,-0.27093331804650067,0.5277836677774386,0,0
1708440603.663807,0.014671197891235352,0.12972956848144532,0.07540833282470703,-0.6071546710940993,0.5279913351139743,-0.2721744684925488,0.5277399093879865,0,0
1708440603.67211,0.014781172752380372,0.12866642761230468,0.07564606475830078,-0.608068774668282,0.5263347766794987,-0.2735244654838086,0.5276442166278797,0,0
1708440603.6804988,0.014895347595214844,0.12728732299804688,0.07595820617675782,-0.6091871713192631,0.5248034096132365,-0.27452472916391635,0.5273599834062822,0,0
1708440603.6888208,0.014955042839050293,0.12596531677246095,0.07620108795166015,-0.6106306132498374,0.5228743216998006,-0.2758655998339991,0.5269068904102683,0,0
1708440603.6971593,0.015028814315795898,0.124433837890625,0.07653276824951172,-0.6114122369317232,0.5212341688300188,-0.276166830954318,0.5274674199933526,0,0
1708440603.705487,0.015081066131591797,0.12314198303222657,0.0767340087890625,-0.612367788587642,0.5203041991556818,-0.27699452568902316,0.5268427411540447,0,0
1708440603.7138112,0.015174961090087891,0.12141695404052734,0.07706510162353515,-0.6127335985000474,0.5196272307885906,-0.27739808067766963,0.5268732250003849,0,0
1708440603.7221544,0.01521901035308838,0.1197500228881836,0.0773275146484375,-0.6130891697540893,0.5189394680871486,-0.27781023996825627,0.5269202615883853,0,0
1708440603.7304897,0.0153118314743042,0.11786248016357422,0.0777509765625,-0.6131236450052947,0.5188249117779019,-0.2781891114796973,0.5267930298752171,0,0
1708440603.7388203,0.01546684741973877,0.11595053100585938,0.07819329833984374,-0.6128158061363731,0.5190849192365103,-0.27824629638359905,0.526864892276068,0,0
1708440603.7471552,0.015566558837890624,0.11439736938476562,0.0785781478881836,-0.6126455007902971,0.5192374021224497,-0.27797044077682403,0.5270583069005879,0,0
1708440603.7554882,0.015844094276428224,0.1124376220703125,0.079056640625,-0.6114224469049102,0.519727010740491,-0.2780451139425613,0.5279558108969122,0,0
1708440603.7638013,0.015997641563415526,0.1105932388305664,0.07953581237792968,-0.6108563830284413,0.5199590473019368,-0.2776274342090012,0.5286020155459746,0,0
1708440603.7721665,0.016239948272705078,0.10851851654052734,0.07998871612548829,-0.6103527446367825,0.519990454883966,-0.2780176439497357,0.5289476815819921,0,0
1708440603.7804873,0.01644600486755371,0.10668381500244141,0.08032042694091797,-0.6098024824309976,0.5199506021183705,-0.2779387429627958,0.5296624652465926,0,0
1708440603.7888198,0.016613258361816406,0.10480576324462891,0.08069098663330078,-0.6091538110362603,0.520188974491157,-0.2782945727028814,0.5299879099230539,0,0
1708440603.7971554,0.01676614570617676,0.10296022796630859,0.08102548980712891,-0.6086869831334699,0.5206173990951307,-0.27886326156664426,0.5298046003016891,0,0
1708440603.8055127,0.0168753776550293,0.10071597290039062,0.08150174713134765,-0.6073061694348346,0.520951202334294,-0.27815632654950934,0.5314302594437366,0,0
1708440603.8138158,0.01697987937927246,0.09868350982666016,0.08188971710205079,-0.6064179502216656,0.5215382887445051,-0.278428614691273,0.5317260418508777,0,0
1708440603.8221369,0.017056915283203126,0.09634418487548828,0.0823897933959961,-0.6050407743139935,0.5224490827835224,-0.27900133439248076,0.5321004298125739,0,0
1708440603.8304877,0.017076400756835936,0.09450577545166015,0.0828288803100586,-0.6045150948685221,0.5228007921718496,-0.27855371068025864,0.5325867527742306,0,0
1708440603.8388221,0.0171044921875,0.09208438873291015,0.0834023666381836,-0.6033182323828719,0.5236261594640628,-0.27862581555779303,0.5330951357746947,0,0
1708440603.8471534,0.01709425735473633,0.08997251892089844,0.08391812896728515,-0.6024993545223375,0.5244496961446709,-0.2787319895823949,0.5331561920274873,0,0
1708440603.8554883,0.017135345458984375,0.08760695648193359,0.08449242401123047,-0.6011419339310586,0.5258758386457527,-0.2785924990859877,0.5333565501720363,0,0
1708440603.8638206,0.01719945526123047,0.08542463684082031,0.0850096435546875,-0.6000440611723267,0.5265393878281306,-0.27914176670067803,0.5336509036569076,0,0
1708440603.8721564,0.01728763198852539,0.08333763885498047,0.08549435424804687,-0.5981593125138712,0.5280429658129244,-0.27914048166495,0.5342814298043654,0,0
1708440603.8804958,0.017339656829833985,0.08113533020019531,0.0859692153930664,-0.5975881544445456,0.5287699261080906,-0.2782908149729181,0.5346447247194903,0,0
1708440603.8888206,0.01740793991088867,0.07863585662841797,0.08654535675048829,-0.5961551807788564,0.5297823423139739,-0.27827283138557624,0.5352512574613162,0,0
1708440603.8971517,0.01745741844177246,0.07602493286132812,0.08710869598388672,-0.5949824609046528,0.5311991387042063,-0.2782635311653515,0.535156744239746,0,0
1708440603.9054906,0.017539033889770506,0.07397293090820313,0.087559814453125,-0.5937647950244014,0.5326082764282734,-0.2778792428503035,0.5353082733299201,0,0
1708440603.9138212,0.017583345413208006,0.07142977142333984,0.08817769622802735,-0.5913355136323413,0.5347499673389313,-0.27717227638686504,0.5362278623001758,0,0
1708440603.9221551,0.017647518157958984,0.06921115112304688,0.08872685241699219,-0.5896832652980313,0.5363090563472311,-0.2782611572482095,0.5359262857292609,0,0
1708440603.9304879,0.017641647338867188,0.06682679748535156,0.08931555938720703,-0.5873404922675508,0.5386595273465337,-0.27788510143414596,0.5363365856150679,0,0
1708440603.9388633,0.01766710662841797,0.0648233642578125,0.0898407974243164,-0.5857134234541613,0.5405848105163642,-0.27751566201946115,0.5363701293400127,0,0
1708440603.9471548,0.01762236213684082,0.06279607391357422,0.09027503967285157,-0.5845373998027816,0.5418219308241818,-0.2775701358106024,0.5363766093333292,0,0
1708440603.9554887,0.0175833625793457,0.060856884002685546,0.09068649291992187,-0.5818242432733014,0.5442364889304251,-0.2772258901062536,0.5370595874252371,0,0
1708440603.9638224,0.017520174026489258,0.058729209899902345,0.09104452514648438,-0.5797795757999199,0.5457137748857914,-0.27707446053674367,0.5378492842268678,0,0
1708440603.9721594,0.017507930755615235,0.05695528411865235,0.09136402893066406,-0.577907007450166,0.5473343969959298,-0.2773668854117611,0.5380670575327634,0,0
1708440603.9804878,0.017378273010253905,0.055026714324951174,0.09171215057373047,-0.5754879026926515,0.5494982050870779,-0.2773331094784346,0.5384716790565541,0,0
1708440603.98882,0.017303791046142578,0.05351095962524414,0.09191026306152343,-0.5727112130713252,0.5514450920291466,-0.2774837731446524,0.539363469539868,0,0
1708440603.997159,0.01723526382446289,0.051723667144775394,0.09218807220458984,-0.5706161667964426,0.5536671847407755,-0.2777499797020985,0.5391704582524955,0,0
1708440604.0054877,0.017124729156494142,0.05016882705688477,0.09236631774902344,-0.5679307793097558,0.5555323351982145,-0.27900729788369294,0.5394380477577198,0,0
1708440604.0138197,0.01703047180175781,0.04861639785766601,0.09254322052001954,-0.5656565352399406,0.5577138083960994,-0.2790058115990291,0.5395773522924332,0,0
1708440604.0221539,0.01693387222290039,0.04727724075317383,0.09263835906982422,-0.563146083229711,0.5591933069044556,-0.2803117846923491,0.5399950330282854,0,0
1708440604.0304875,0.01678879928588867,0.04582199096679687,0.09278160095214844,-0.5599930750279688,0.5616522172689862,-0.2806000160816874,0.5405720913636279,0,0
1708440604.0388222,0.016681039810180664,0.044632080078125,0.09290853881835938,-0.5576466309066723,0.5633603523318499,-0.28155914866902854,0.5407215413954797,0,0
1708440604.0471542,0.016591184616088866,0.04357569122314453,0.0929706039428711,-0.5552643329691149,0.565469267027501,-0.281254355836464,0.5411302947664106,0,0
1708440604.0554898,0.016493532180786134,0.04265900421142578,0.09301692962646485,-0.552614465303531,0.5673505551248967,-0.281995426698873,0.5414879695930982,0,0
1708440604.063792,0.016401453018188475,0.04174261856079101,0.09306306457519531,-0.5497768492111268,0.5696044178506479,-0.28278556528372506,0.5415981234837826,0,0
1708440604.0721369,0.016241703033447265,0.04104747772216797,0.09312728881835937,-0.5475320978651905,0.5710332953439673,-0.2832124536253682,0.5421441492344949,0,0
1708440604.0804973,0.01607420349121094,0.04042166519165039,0.09312728881835937,-0.5449765410065062,0.5737507251482417,-0.28356468548141045,0.5416657057319578,0,0
1708440604.0887935,0.015958484649658204,0.03998318862915039,0.09312728881835937,-0.542990908728234,0.575564929858355,-0.2836812995164529,0.5416740583563467,0,0
1708440604.0971546,0.015827781677246095,0.03948167037963867,0.09312728881835937,-0.5405453214714229,0.5775861146323739,-0.28419631187398253,0.5416987131493621,0,0
1708440604.1054895,0.01571476936340332,0.039042488098144534,0.09312728881835937,-0.5389148765250024,0.5790007443761468,-0.2846762966866901,0.5415610067464731,0,0
1708440604.1138225,0.015552409172058105,0.03861577224731445,0.09311195373535157,-0.5369085848333526,0.5807363231218128,-0.2848176949734532,0.5416210725436338,0,0
1708440604.1221538,0.01547333812713623,0.03830154037475586,0.09311195373535157,-0.5352208824506561,0.5819175970123804,-0.28548047428043105,0.5416746566867854,0,0
1708440604.1304862,0.01537930679321289,0.03792424774169922,0.09311195373535157,-0.5336501581938592,0.5829708201094319,-0.2860352430816285,0.5417991913166327,0,0
1708440604.138831,0.015309633255004883,0.03774118804931641,0.09316085815429688,-0.5325020192091109,0.5842045731396486,-0.2866920410142189,0.5412525388160347,0,0
1708440604.147113,0.015240199089050293,0.03755801010131836,0.09320976257324219,-0.5309937034426845,0.5853023760804487,-0.28654400601315344,0.5416265474341813,0,0
1708440604.155489,0.015178833961486816,0.037506298065185545,0.09330760955810546,-0.5294521308627229,0.5867918012189971,-0.2868919934413243,0.5413398322117952,0,0
1708440604.163821,0.015079271316528321,0.0373970947265625,0.09345446014404298,-0.528260648940758,0.5883168970492009,-0.2861457467293034,0.5412435017277153,0,0
1708440604.1721737,0.015010676383972167,0.03741383361816406,0.09360138702392579,-0.5271983339062181,0.5892835292572981,-0.2867621381524201,0.5409013889221478,0,0
1708440604.1805048,0.014926877975463868,0.037367443084716796,0.09374840545654296,-0.5262593594096531,0.5905689408633723,-0.2864773589568001,0.5405646313880981,0,0
1708440604.1888356,0.014813220024108887,0.03739512252807617,0.09399362182617188,-0.5250789918818091,0.5917077508326913,-0.2864233647571353,0.5404957363188105,0,0
1708440604.197154,0.014700048446655274,0.03742268753051758,0.09423907470703125,-0.5242765018357604,0.5929409622848962,-0.28592491360810823,0.5401871255773809,0,0
1708440604.205441,0.014564884185791016,0.037455608367919925,0.094533935546875,-0.5238831892998068,0.593957202499764,-0.28564038400471164,0.5396024618814703,0,0
1708440604.2138326,0.014430420875549316,0.03748835754394531,0.09482913970947265,-0.5227328225228524,0.595205772242265,-0.2854581516061455,0.539438734891581,0,0
1708440604.2221544,0.01432515525817871,0.037513996124267576,0.09518930053710938,-0.5221881102179248,0.5962832437136063,-0.2846345408886447,0.5392115082941226,0,0
1708440604.2304869,0.014300257682800292,0.03752006149291992,0.09562982177734375,-0.5216722476142465,0.5974801488496303,-0.28367964799283873,0.5388890450369908,0,0
1708440604.238833,0.014261808395385742,0.03752942657470703,0.09623429870605468,-0.5210538867985722,0.598988614077921,-0.2831860240974987,0.5380717048908926,0,0
1708440604.2471602,0.014298256874084472,0.037520545959472656,0.0968050537109375,-0.5202204598205848,0.6003221095750569,-0.28241720907237633,0.5377960150961267,0,0
1708440604.2554905,0.014374217033386231,0.03750204849243164,0.09755506134033202,-0.5200462358806394,0.6017320240409598,-0.2807409202927129,0.5372662297875441,0,0
1708440604.2638228,0.014504673004150391,0.037470272064208984,0.09832029724121094,-0.5191072062260722,0.6033749618679829,-0.2791713916344419,0.5371496220161517,0,0
1708440604.2721548,0.014729106903076172,0.037415611267089845,0.09927906036376953,-0.5176829821999104,0.6052319782689293,-0.2772501581838762,0.5374299445213984,0,0
1708440604.2804873,0.014928801536560059,0.037366973876953126,0.10017311859130859,-0.5166058234974824,0.6066428205328139,-0.27580888702934425,0.5376173287793167,0,0
1708440604.2888324,0.015175071716308594,0.03730699157714844,0.10124571228027343,-0.5152073844863546,0.608329827118713,-0.273161349655942,0.5384041802230747,0,0
1708440604.2971568,0.015448402404785157,0.03724042129516601,0.10226758575439453,-0.5128212689008529,0.6100899874724518,-0.27161925021352484,0.539469661914952,0,0
1708440604.3054926,0.015642322540283204,0.037126678466796875,0.10332574462890624,-0.510960233459736,0.6115482702677526,-0.27018866237350364,0.5403021849182116,0,0
1708440604.3138196,0.015856527328491212,0.037008193969726565,0.10449857330322265,-0.5095112515979192,0.6133522857280027,-0.2680537392920943,0.5406888601590031,0,0
1708440604.3221545,0.016126358032226562,0.03687643814086914,0.10585003662109375,-0.5075550965488679,0.6149845954771295,-0.266384280478999,0.5414990097251046,0,0
1708440604.3304875,0.016407970428466798,0.0368082160949707,0.107086669921875,-0.5061806847751131,0.6158575591761085,-0.26579533294618596,0.5420824800491826,0,0
1708440604.338831,0.016763862609863282,0.03672200012207031,0.10878216552734375,-0.5051665646698027,0.6173651639736507,-0.26412815795344985,0.5421285096983516,0,0
1708440604.3471355,0.017017107009887695,0.036660652160644534,0.11000617218017578,-0.5039103601100681,0.6179464498395922,-0.2635203487176204,0.5429305142037432,0,0
1708440604.355554,0.017456493377685546,0.0365542106628418,0.11171327209472656,-0.503228041908679,0.6192011995648345,-0.26224645775336886,0.5427506063518098,0,0
1708440604.363823,0.017934354782104492,0.03643844604492188,0.11353407287597657,-0.5021264025640529,0.6198948570035827,-0.26155784211928124,0.5433110969151901,0,0
1708440604.3721635,0.0183303165435791,0.0362772216796875,0.1152796859741211,-0.5014341052508413,0.6208962373566639,-0.259650143418727,0.5437219236376544,0,0
1708440604.3804867,0.018805740356445312,0.0360321044921875,0.11715022277832031,-0.4998612061014092,0.6219343510485499,-0.2579438205675955,0.5447948540204707,0,0
1708440604.388832,0.019208763122558595,0.03567555236816406,0.11906149291992188,-0.49994001701975177,0.6223951957630227,-0.2565517573450278,0.5448535531121784,0,0
1708440604.3971384,0.019684261322021484,0.03517426681518555,0.12131673431396485,-0.49884082237585203,0.6229235622951168,-0.2547948944635082,0.5460802519307513,0,0
1708440604.405487,0.020048107147216797,0.03470203399658203,0.12326974487304687,-0.4996340823752811,0.6224340151625387,-0.2542752481546352,0.5461554323268758,0,0
1708440604.4138205,0.020441654205322266,0.03416119384765625,0.12539031219482422,-0.49860540189155733,0.6217955503343797,-0.254410669846662,0.5477573888419398,0,0
1708440604.4221544,0.020798036575317383,0.03369564437866211,0.1273871612548828,-0.4982442865873074,0.6215491314098835,-0.2544567656906976,0.5483439352777952,0,0
1708440604.4304874,0.02114723587036133,0.03336124801635742,0.12942915344238282,-0.49661733377971523,0.621739494657335,-0.2543886262675526,0.5496341057875066,0,0
1708440604.4388206,0.02151177406311035,0.03296137619018555,0.13147174072265624,-0.49542816153118474,0.621654354219142,-0.25464039786127185,0.5506860231365229,0,0
1708440604.4471545,0.021826980590820312,0.032447902679443356,0.133836181640625,-0.4947553402197063,0.6213268433942859,-0.25478995582938674,0.5515905937058919,0,0
1708440604.4554894,0.02209231185913086,0.031947790145874025,0.13608001708984374,-0.49430510551197215,0.6212900248205683,-0.2539669927974872,0.552414653360247,0,0
1708440604.4638214,0.022288558959960937,0.031464717864990235,0.13831130981445314,-0.49337137358292465,0.6214057235196176,-0.25372710131045634,0.5532288580443318,0,0
1708440604.4721618,0.02250834846496582,0.030915700912475585,0.14054452514648438,-0.4930030422635833,0.6207465142702782,-0.25380896669681646,0.5542587584387259,0,0
1708440604.4805,0.02275225067138672,0.03023893928527832,0.14321832275390625,-0.49160081204761935,0.6206318592312126,-0.2539071786245716,0.555586088706608,0,0
1708440604.4888308,0.022992002487182618,0.029690690994262695,0.14555612182617186,-0.49155707959485984,0.6195592660490788,-0.2551991181115808,0.5562296002376297,0,0
1708440604.4971597,0.023216028213500977,0.029147912979125976,0.14794288635253905,-0.489639328743181,0.6192149376416345,-0.25476374844868954,0.5584994233124376,0,0
1708440604.5054886,0.023466638565063477,0.028725893020629882,0.14999867248535156,-0.4878478461685249,0.6185056626358865,-0.2561467546800881,0.5602178671397878,0,0
1708440604.5138218,0.02376153564453125,0.02835858917236328,0.15200007629394532,-0.48657783594295057,0.6172157485035873,-0.25864444744150283,0.5615957445776079,0,0
1708440604.5223389,0.024083330154418946,0.02798757743835449,0.15416390991210938,-0.4845505218742522,0.6158852930413328,-0.2611994479392057,0.5636230374233546,0,0
1708440604.5304868,0.02439717483520508,0.027681085586547853,0.15610404968261718,-0.48480215757112194,0.6141700199932167,-0.2634916420546345,0.5642111467479303,0,0
1708440604.5388205,0.024846403121948243,0.027350017547607422,0.15816220092773436,-0.4849903451499971,0.612132828443197,-0.2658370498750765,0.5651623220594766,0,0
1708440604.547155,0.02514604949951172,0.026987907409667968,0.15987710571289063,-0.4857586252085684,0.6099446298921309,-0.268636872139246,0.5655442584615276,0,0
1708440604.5554895,0.025518659591674805,0.026613712310791016,0.16154124450683593,-0.4871539649016557,0.6076230116533943,-0.27067804001019896,0.5658698584025116,0,0
1708440604.5638225,0.025906301498413085,0.026238567352294923,0.16309495544433594,-0.4876103208218892,0.6056821154173606,-0.273203641569725,0.5663436443982539,0,0
1708440604.5721555,0.026265974044799804,0.02593075942993164,0.1645878448486328,-0.48743477171223587,0.6042385937025399,-0.27570181887213413,0.5668258658263491,0,0
1708440604.5804927,0.02659676742553711,0.025629539489746094,0.16618280029296875,-0.4867647088140167,0.6031823980424941,-0.2770363660150071,0.5678749477947781,0,0
1708440604.5888214,0.026953609466552734,0.025444953918457032,0.16761338806152343,-0.48606545883896374,0.6020343328111976,-0.2793695814979601,0.5685487444824847,0,0
1708440604.5971568,0.027194269180297853,0.02540164566040039,0.168546630859375,-0.48606834511644337,0.6005153834255251,-0.2820527712624368,0.5688278145665476,0,0
1708440604.6054876,0.02739845657348633,0.02536490058898926,0.16958294677734376,-0.48623986664805346,0.5979296896709664,-0.28623502926963335,0.5693157153194255,0,0
1708440604.6138213,0.027582021713256837,0.025331867218017577,0.17034822082519532,-0.48828221816368234,0.5945257900596614,-0.290746465569988,0.5688462384251292,0,0
1708440604.6221576,0.027815919876098633,0.025349439620971678,0.1709551239013672,-0.4900223499920441,0.5909311659622324,-0.29578692305162824,0.5684967497669384,0,0
1708440604.6304924,0.027964353561401367,0.025322666168212892,0.17134146118164062,-0.49147897417121494,0.5878471160850296,-0.29968470362218264,0.5683953578609415,0,0
1708440604.6388316,0.028107688903808593,0.025296812057495118,0.17167359924316405,-0.49345928471773476,0.5849808235115365,-0.30371784884569497,0.5674952069050712,0,0
1708440604.6471562,0.028245532989501953,0.025271947860717774,0.17195159912109376,-0.49468796926366476,0.5827982468873748,-0.30705906653911796,0.5668727762153437,0,0
1708440604.6554887,0.02838392448425293,0.025246984481811525,0.17222946166992187,-0.49704182399041225,0.5799175760828131,-0.3105832980302917,0.5658471998805942,0,0
1708440604.663781,0.028450115203857422,0.025235044479370118,0.1723413543701172,-0.4979914425847028,0.5783104247344915,-0.313538680378349,0.5650266057212799,0,0
1708440604.6721556,0.028509944915771485,0.025224252700805663,0.17239927673339844,-0.5001250262742698,0.5759247409431844,-0.3174921561095506,0.563368778729542,0,0
1708440604.6804492,0.028509944915771485,0.025224252700805663,0.17239927673339844,-0.5014364835818701,0.5741306069298759,-0.32003589843420527,0.5625944422540833,0,0
1708440604.6888201,0.028509944915771485,0.025224252700805663,0.17239927673339844,-0.5032036619099169,0.5723799398463125,-0.32193370318211734,0.5617169784708964,0,0
1708440604.6971557,0.028509944915771485,0.025224252700805663,0.17239927673339844,-0.5043018282492197,0.5711201202103361,-0.32470930315611785,0.5604153422306912,0,0
1708440604.7054882,0.02849711227416992,0.025226566314697267,0.1722913818359375,-0.5055380269568022,0.5692934228947018,-0.32658911949472186,0.5600677263335097,0,0
1708440604.713775,0.028471708297729492,0.025231149673461913,0.1720755615234375,-0.5060496088360971,0.5679339601987136,-0.3286908909125795,0.5597563030055016,0,0
1708440604.7221527,0.028428081512451173,0.025239019393920897,0.17169778442382813,-0.5064850400799187,0.5663451406096999,-0.33105515179071326,0.5595789237965899,0,0
1708440604.7304869,0.028373550415039063,0.025248855590820313,0.17121189880371093,-0.5071518548934574,0.5642551809417374,-0.33322699321886445,0.5597971677710976,0,0
1708440604.7388225,0.02829220962524414,0.025263526916503905,0.17045565795898437,-0.5075755418822655,0.5615404826612971,-0.3360103165964468,0.5604787379731598,0,0
1708440604.7471576,0.028199390411376955,0.02522076988220215,0.1696448974609375,-0.509752596077159,0.5578656945498276,-0.33982686874646434,0.5598712797473545,0,0
1708440604.7554884,0.0281168270111084,0.025235626220703126,0.168779541015625,-0.5114705841716952,0.5545605201314211,-0.3442162820343713,0.5589057277904158,0,0
1708440604.763823,0.028020214080810547,0.025193445205688475,0.16780538940429687,-0.5135588619739501,0.5508632175771097,-0.3474156745597856,0.5586674848321878,0,0
1708440604.7721648,0.027932632446289064,0.025209169387817382,0.16672227478027343,-0.5156196872080396,0.5473819635439983,-0.35147595042122687,0.5576504164647411,0,0
1708440604.7804878,0.027778358459472657,0.025236865997314454,0.16530923461914063,-0.5175959910188692,0.5437468391140194,-0.35590150033739,0.5565679569662266,0,0
1708440604.7888212,0.027692195892333984,0.02525233459472656,0.16389915466308594,-0.5191679743857273,0.5404577956004997,-0.36000262748305495,0.5556690722006714,0,0
1708440604.7971559,0.02760401725769043,0.025268165588378907,0.16210824584960937,-0.5205714372214211,0.5370197462791855,-0.36383874648806575,0.55519054497218,0,0
1708440604.805493,0.02754950714111328,0.025277952194213867,0.1606421661376953,-0.5217507277749475,0.5342937038259811,-0.367603830686982,0.5542326593602908,0,0
1708440604.81383,0.027499691009521484,0.025286895751953125,0.15857794189453125,-0.5230301933629735,0.5311023168562736,-0.37173226029993,0.5533397496771957,0,0
1708440604.8221533,0.02748179054260254,0.025290109634399413,0.15673054504394532,-0.5237284069335133,0.5291209751340157,-0.3740216148498648,0.5530347159755012,0,0
1708440604.8304873,0.027493711471557616,0.0252879695892334,0.1545027313232422,-0.5249701648234939,0.5268201722349383,-0.3766949640678866,0.5522388488132401,0,0
1708440604.8388202,0.027535913467407226,0.025280391693115235,0.15249269104003907,-0.5251183106884081,0.5255256498671191,-0.37896209811086684,0.5517801297155854,0,0
1708440604.8471615,0.027610300064086914,0.025267038345336914,0.15042922973632813,-0.5255871900981938,0.5243888975651544,-0.38011539369089925,0.5516218422989071,0,0
1708440604.8554869,0.02773570442199707,0.025244524002075195,0.14804177856445314,-0.5261480083468314,0.5232408819882595,-0.38140893165643364,0.5512844012732432,0,0
1708440604.86382,0.027898946762084962,0.02521521759033203,0.14571115112304686,-0.5259340078152891,0.5227722092291873,-0.3813677493314528,0.5519613042658692,0,0
1708440604.872154,0.02815540885925293,0.02516917419433594,0.1428430938720703,-0.5260027891920835,0.5218368680670489,-0.38077031149343205,0.5531919391720317,0,0
1708440604.8804955,0.028463525772094725,0.025173236846923828,0.14014311218261719,-0.5262952094998468,0.5210165100353971,-0.3805082843041126,0.5538669615291149,0,0
1708440604.8888211,0.02881535530090332,0.02510992431640625,0.13744985961914064,-0.526308672465004,0.521011804983788,-0.37909404020320453,0.5548275465198569,0,0
1708440604.8971276,0.029229778289794922,0.02503534698486328,0.13471084594726562,-0.5271980980450302,0.5205088692943385,-0.3781956895361395,0.5550682077723234,0,0
1708440604.9054892,0.029695838928222657,0.02495147705078125,0.1317100830078125,-0.5277898284170516,0.521028799551192,-0.37635651781592516,0.5552680996488327,0,0
1708440604.913822,0.030163751602172852,0.024808616638183595,0.1289879913330078,-0.5279170364009083,0.5223195653717365,-0.3733784090999795,0.5559446367295684,0,0
1708440604.9221556,0.0307065372467041,0.02465275001525879,0.12595607757568358,-0.5273781155325646,0.5250855946041746,-0.3684842318814504,0.5571147188056871,0,0
1708440604.9304967,0.031119937896728515,0.02452047348022461,0.12373019409179688,-0.5264997204232315,0.5275436541519304,-0.3654156716483732,0.5576442721949139,0,0
1708440604.9388266,0.0316805591583252,0.024246360778808592,0.12082816314697266,-0.5261564753381566,0.5304904751705017,-0.3608541577159134,0.5581428869057489,0,0
1708440604.9471576,0.032215621948242186,0.024035972595214845,0.11809564971923828,-0.5256151480128681,0.5326388591616221,-0.35789163646902705,0.558514204230231,0,0
1708440604.9554894,0.032859657287597654,0.023749948501586914,0.115013671875,-0.5256745955456699,0.5348836178125692,-0.35454743065460403,0.5584459192557122,0,0
1708440604.9638205,0.033436065673828126,0.023591733932495116,0.1122581329345703,-0.5256740101664598,0.5366556184925576,-0.3524731480056649,0.558059366746733,0,0
1708440604.9721596,0.03415228271484375,0.02346649169921875,0.10947605895996093,-0.5245835513763066,0.5387615200185024,-0.35089913477367257,0.5580483020997602,0,0
1708440604.9804957,0.03472483062744141,0.023309751510620116,0.10664646911621094,-0.5236517375728731,0.5411622408389413,-0.3478361811315194,0.5585179344158314,0,0
1708440604.9888246,0.03553699493408203,0.02316807556152344,0.10344035339355469,-0.5223086986360411,0.5438459742439733,-0.3448668317051218,0.5590098705115518,0,0
1708440604.9971552,0.03617464828491211,0.023056842803955077,0.1007064437866211,-0.521403033841737,0.5461894348171074,-0.3424272891436444,0.5590702172243015,0,0
1708440605.0054886,0.036988224029541016,0.02285926628112793,0.09749739837646484,-0.5207897266673664,0.5484886029987374,-0.3400989121261241,0.5588121787406186,0,0
1708440605.0138206,0.03761092758178711,0.02264014434814453,0.09506046295166015,-0.5201149665162373,0.5507240566115454,-0.3378169189991757,0.5586261373080671,0,0
1708440605.0221553,0.03836455535888672,0.022344514846801757,0.09204832458496094,-0.5188462880482314,0.5529055761093711,-0.3359775791264909,0.5587602713940116,0,0
1708440605.030489,0.03902093124389648,0.022012741088867187,0.08955499267578125,-0.5184690448531899,0.5554226683982547,-0.3327376320380507,0.5585527571728776,0,0
1708440605.0388222,0.03970819091796875,0.0216781063079834,0.08673479461669922,-0.5187542634553608,0.5577442677209199,-0.33099729356841157,0.5570064145901081,0,0
1708440605.047155,0.04045976638793945,0.02133518600463867,0.08394747924804688,-0.5178220942163234,0.5605181607456401,-0.3273203836396758,0.5572621105205737,0,0
1708440605.0554914,0.041020774841308595,0.021080184936523437,0.08194744110107421,-0.5175417530618006,0.5623154658798452,-0.3250880934698936,0.5570185064647732,0,0
1708440605.0638125,0.04182860946655274,0.020786121368408204,0.07930940246582031,-0.5172542096360083,0.5648858393648897,-0.32260657039803897,0.5561268459835184,0,0
1708440605.0721543,0.04258942794799805,0.020501834869384766,0.07693303680419922,-0.5162677982723582,0.5669030208626437,-0.32017257428555773,0.5563973782085689,0,0
1708440605.0804937,0.043477767944335936,0.020146223068237306,0.07430936431884766,-0.5161601711866185,0.5688556571821894,-0.31775305002552,0.5558911112761687,0,0
1708440605.088821,0.04423578262329102,0.01981452751159668,0.0722679214477539,-0.5158868184467035,0.5700523364806221,-0.3163914934858115,0.5556955479448953,0,0
1708440605.0971553,0.04520917892456055,0.019451478958129882,0.06966120910644531,-0.5153118998612177,0.5716241850949616,-0.31457507047338296,0.5556455485070365,0,0
1708440605.1054885,0.046075019836425785,0.019057123184204102,0.0673504638671875,-0.5149647145847849,0.5729458635763197,-0.3134693991707124,0.5552308584520296,0,0
1708440605.11382,0.047030254364013674,0.018550716400146484,0.0648017578125,-0.5151210280623694,0.5738751612462126,-0.31221285226395795,0.5548339838378605,0,0
1708440605.1221533,0.047770679473876955,0.01813316535949707,0.06265925216674804,-0.515747399484516,0.5751839891947998,-0.31067325397756224,0.5537600117084053,0,0
1708440605.1304963,0.04850662231445312,0.017770599365234375,0.06053475570678711,-0.516501466039781,0.5759977956897561,-0.3108664572468559,0.5521003537583353,0,0
1708440605.1388159,0.04925743865966797,0.017359092712402345,0.05820474624633789,-0.5172644638505722,0.5775414573793897,-0.30985000481499436,0.5503420025186542,0,0
1708440605.147155,0.049880176544189456,0.017019647598266602,0.05614250946044922,-0.5170520299746397,0.5780526418386709,-0.30982413264014674,0.5500194272489969,0,0
1708440605.1554875,0.050444095611572266,0.016641836166381836,0.053948287963867185,-0.5176560151186823,0.5795518809774304,-0.30882423740149123,0.5484336643682611,0,0
1708440605.1638215,0.05090695571899414,0.016379533767700197,0.052151851654052735,-0.5174168550582832,0.5803900074867999,-0.3085110564575505,0.547949046201378,0,0
1708440605.1721117,0.051287174224853516,0.01603217124938965,0.049940231323242185,-0.5170661774836546,0.582074234177214,-0.30715197280705453,0.5472566328868785,0,0
1708440605.1804593,0.0516846809387207,0.015733438491821287,0.04783272552490234,-0.5170204049996875,0.5831601072286456,-0.30628605229463113,0.546628770572953,0,0
1708440605.1888201,0.051993392944335935,0.01535092544555664,0.04539657211303711,-0.5164205104082662,0.5840176735562024,-0.3045759952820009,0.5472354858834169,0,0
1708440605.1971543,0.05252524948120117,0.014941694259643555,0.04312573623657227,-0.516611069283376,0.5839739766861807,-0.304057153308569,0.547390749103468,0,0
1708440605.2054913,0.052947948455810544,0.014597798347473144,0.04078583908081055,-0.5165810642087633,0.5843815304495048,-0.3026627992804609,0.5477567648511247,0,0
1708440605.21382,0.053413265228271486,0.014202933311462402,0.038470462799072264,-0.5160023221318569,0.5854738399996823,-0.301804348476665,0.5476094627257305,0,0
1708440605.2221541,0.05363725662231445,0.01388800048828125,0.0361658935546875,-0.5160771148617715,0.5867223639165735,-0.3004240279808182,0.5469613347706271,0,0
1708440605.2304869,0.05399931716918945,0.0135103120803833,0.0338681755065918,-0.5157370539244153,0.588166376699877,-0.29875231710850014,0.5466467415060042,0,0
1708440605.2388208,0.05429120254516601,0.013143049240112305,0.03131704330444336,-0.5166669067599734,0.5904634496366491,-0.29745764643930217,0.5439918676208502,0,0
1708440605.2471545,0.05450967025756836,0.012785957336425782,0.02909597396850586,-0.5170386237147131,0.5921642471337143,-0.2951156254940098,0.5430647675946185,0,0
1708440605.2554882,0.05462643814086914,0.01244147777557373,0.0269155330657959,-0.5183866241733541,0.5943508134713986,-0.29233238912302295,0.540892030872634,0,0
1708440605.2638211,0.05478491973876953,0.012093445777893067,0.02469643211364746,-0.519279062857846,0.5962455278133157,-0.29003410969903803,0.5391852491330034,0,0
1708440605.272165,0.05493063735961914,0.011653593063354492,0.022230125427246093,-0.5201913779751386,0.598862083028048,-0.28658224737406157,0.5372482935112619,0,0
1708440605.280487,0.05513359069824219,0.01130351448059082,0.020004663467407226,-0.5211820981482097,0.6010129842152117,-0.2828652415290222,0.535854312429555,0,0
1708440605.2888217,0.05518981170654297,0.010875099182128907,0.017500207901000975,-0.5225168572239547,0.6033164974631585,-0.27934621703256707,0.533808029708796,0,0
1708440605.2971478,0.05527694702148438,0.01058524227142334,0.01555408763885498,-0.5236726391354787,0.6050753520288108,-0.27728233143616626,0.5317568044527521,0,0
1708440605.3054888,0.05549264907836914,0.010237442016601563,0.013036591529846191,-0.5242371838538631,0.6073539014305173,-0.27452641536386946,0.5300300647338198,0,0
1708440605.3138232,0.05568230819702148,0.00994003963470459,0.010866540908813477,-0.5259733021714494,0.6097644543354138,-0.27124948586661923,0.5272220736107102,0,0
1708440605.322136,0.055900283813476566,0.009594696998596192,0.008395383834838867,-0.5267006776280739,0.6121194542740824,-0.26797380043923746,0.5254390935273575,0,0
1708440605.3304882,0.05625286102294922,0.009146875381469726,0.005684272766113281,-0.5277295811400587,0.6153160798739415,-0.26425985402205937,0.5225459947601744,0,0
1708440605.3388247,0.05653021240234375,0.00884658145904541,0.003851846933364868,-0.5285790413173648,0.6170110360621028,-0.2620902140133762,0.5207785283500269,0,0
1708440605.3471556,0.05701971817016602,0.00839338493347168,0.0015418548583984375,-0.529083554226137,0.6191628760570659,-0.25897932905440596,0.519266450055816,0,0
1708440605.355488,0.057354923248291015,0.008000999450683595,-0.0004912078082561493,-0.5290486831824083,0.6215164616346515,-0.2566433272044196,0.5176475460352424,0,0
1708440605.363781,0.057817245483398436,0.007510934829711914,-0.0027104761600494384,-0.5294783059948811,0.6236851135187096,-0.2541940900032862,0.5158051353137061,0,0
1708440605.372111,0.05825205612182617,0.007117618560791015,-0.004604558467864991,-0.5308931223662181,0.6250280540393038,-0.2523011547595895,0.5136502138074293,0,0
1708440605.380491,0.05861377716064453,0.006731813907623291,-0.006471500396728515,-0.5311035499439438,0.6267388086422337,-0.2507937298646266,0.5120839879387034,0,0
1708440605.3888223,0.05911785888671875,0.006340281009674072,-0.008180767059326173,-0.5316958130465024,0.6282537087867751,-0.24952084330303176,0.5102314848285733,0,0
1708440605.3971558,0.05959646224975586,0.005953608512878418,-0.010042909622192384,-0.5318725450418323,0.6307793001885694,-0.2480474702538411,0.5076431046900605,0,0
1708440605.4054897,0.06002727890014648,0.005662004947662353,-0.011631772994995118,-0.532362446602092,0.6324250663102003,-0.2464419281353973,0.5058607760524126,0,0
1708440605.413821,0.060658626556396485,0.005362617492675781,-0.013277371406555176,-0.5313265712384783,0.6352646213981119,-0.2451590504110428,0.50401187868988,0,0
1708440605.4221098,0.0610861930847168,0.005120267868041992,-0.014550432205200196,-0.5323900206394362,0.6367713748414127,-0.24322333200515037,0.5019217863578898,0,0
1708440605.430488,0.06174716567993164,0.004825137615203858,-0.016132869720458985,-0.5318186110692392,0.6388444878712342,-0.24206789410493185,0.5004496061687357,0,0
1708440605.438824,0.06225555419921875,0.004496158123016358,-0.01752261734008789,-0.5325336890203387,0.6401949680692177,-0.24000679795865373,0.49895390738604156,0,0
1708440605.4471564,0.06279253768920899,0.004038644313812256,-0.01907461738586426,-0.5324724001258234,0.6413174164038667,-0.23893482159764376,0.49809161717058426,0,0
1708440605.4554985,0.06335269546508789,0.0035416738986968994,-0.020619110107421876,-0.5324976872697378,0.6423556803711444,-0.23776568885761445,0.49728550041003,0,0
1708440605.4638238,0.06377207565307617,0.003054033041000366,-0.021771888732910156,-0.5340535358732108,0.642450836003885,-0.23603174934533602,0.49631920365893306,0,0
1708440605.472158,0.06440713500976562,0.002479459285736084,-0.023135135650634766,-0.5348202144465778,0.6440471839911448,-0.23463112849274448,0.4940837945957856,0,0
1708440605.4804587,0.06491253662109375,0.0019567683935165403,-0.024277708053588868,-0.5357830745774322,0.6440257120025761,-0.2334932271800634,0.4936074497611906,0,0
1708440605.4888284,0.06539861297607422,0.0014394326210021972,-0.02545661163330078,-0.5361230745116333,0.6449693354178355,-0.23276220211809134,0.4923498374000328,0,0
1708440605.4971538,0.06580010986328125,0.0010120744705200196,-0.026421283721923827,-0.5368068822254705,0.6463104544241,-0.2313605501719428,0.4905032930461961,0,0
1708440605.5054874,0.06622604370117187,0.0006719018220901489,-0.027298221588134764,-0.537016984091648,0.6477187421603342,-0.2308958873572299,0.48863102161756483,0,0
1708440605.5138226,0.06660643005371093,0.0003765333294868469,-0.02817293930053711,-0.5368915945325403,0.6490827482526776,-0.23063584488463743,0.48707917356887054,0,0
1708440605.5221152,0.06707081604003906,0.0001249377280473709,-0.029084224700927735,-0.5360992773102462,0.6515959976925547,-0.23021301166547797,0.48479088648148777,0,0
1708440605.5305011,0.06750059509277344,-8.293834328651428e-05,-0.02990902519226074,-0.5352142983636172,0.6526709502651205,-0.2305727136479583,0.4841513487819466,0,0
1708440605.5388334,0.06793751525878906,-0.00028902730345726016,-0.030730302810668946,-0.5345193850158946,0.6540238878496574,-0.2306896255510804,0.4830363181165435,0,0
1708440605.5471194,0.06829539489746093,-0.0004937120974063873,-0.0315953426361084,-0.5338598236847513,0.654599217406501,-0.23085005656510854,0.48290974246660195,0,0
1708440605.5554905,0.06873836517333984,-0.0007372969388961793,-0.03249511337280273,-0.5336272037309987,0.6554232033931099,-0.2312542820421392,0.4818546292376002,0,0
1708440605.5638216,0.06908931732177734,-0.0009387933015823364,-0.033314537048339844,-0.5327512981661885,0.6567328087674418,-0.23133393372875632,0.48100174458205003,0,0
1708440605.5721307,0.06935567474365234,-0.0011805403232574463,-0.03426656723022461,-0.5326428264892918,0.6578587722898555,-0.23080367746987865,0.4798365425960205,0,0
1708440605.580491,0.06953541564941407,-0.00134095299243927,-0.035056838989257814,-0.5326532356700977,0.6589891430292807,-0.23056628875832008,0.47838585129455324,0,0
1708440605.5888205,0.06964352416992188,-0.0015018717050552367,-0.03581209945678711,-0.5329625692649862,0.6597081683212009,-0.23063680111207188,0.4770143484505431,0,0
1708440605.597155,0.06975691223144531,-0.0016218010187149048,-0.036568153381347654,-0.5318704413447042,0.6606843334424699,-0.23063629109866776,0.4768825332774795,0,0
1708440605.605486,0.06987081146240234,-0.0017009395360946655,-0.03741097640991211,-0.531869634998335,0.6615203548468821,-0.2304300358309252,0.4758229788707421,0,0
1708440605.6138213,0.06999905395507812,-0.0017391785383224488,-0.03808248138427734,-0.5318221253505583,0.6626603845998245,-0.23010685887753118,0.47444418801204424,0,0
1708440605.6221406,0.0700990219116211,-0.0017374109029769898,-0.03888690567016601,-0.5313596791503815,0.6644237615543607,-0.2294576322444304,0.47280773429913975,0,0
1708440605.6304884,0.07021089172363282,-0.0017354326248168945,-0.03951938247680664,-0.532120277380076,0.6650611993491551,-0.22862287037295104,0.47145858319038125,0,0
1708440605.6388214,0.07034831237792968,-0.0017330026626586914,-0.040365528106689454,-0.532016829024757,0.6663918717161991,-0.2283824117586655,0.46981000563765285,0,0
1708440605.6471539,0.07044110107421875,-0.0017716346979141236,-0.04113262176513672,-0.5317717696947388,0.6672546115175024,-0.22773472058842706,0.4691769073161822,0,0
1708440605.655487,0.07059223175048829,-0.0018091113567352294,-0.04206753540039063,-0.5315416279161385,0.668118697628066,-0.2277241467937573,0.46821213812316415,0,0
1708440605.6638212,0.07072510528564453,-0.0018468096256256104,-0.04296368408203125,-0.5318526084609109,0.6687053738695663,-0.2268334375987955,0.4674532131179794,0,0
1708440605.6721544,0.07086354064941407,-0.0018441909551620483,-0.04368628692626953,-0.5320816744617297,0.6696082098032169,-0.2263687789580968,0.4661234923311796,0,0
1708440605.680488,0.07098481750488281,-0.0018819476366043091,-0.04463202667236328,-0.5316860777832165,0.6711608014610967,-0.2252073004645754,0.4649029744863646,0,0
1708440605.6888192,0.07111184692382813,-0.0018794924020767213,-0.04549154663085937,-0.5316200604966308,0.672577352682463,-0.22433899137906327,0.4633484993387003,0,0
1708440605.6971548,0.07125010681152344,-0.0019167625904083251,-0.046439929962158205,-0.5310127466710384,0.6738660801688299,-0.22341017119120046,0.46262064717333123,0,0
1708440605.7054775,0.07133897399902343,-0.0019150084257125854,-0.0473104248046875,-0.5301619507811022,0.6751856673823237,-0.22258918715743298,0.46206782633649324,0,0
1708440605.71382,0.07151333618164063,-0.0019115663766860961,-0.048124691009521485,-0.529690274903038,0.676073791738505,-0.22217208191429605,0.4615105658345376,0,0
1708440605.7221544,0.07169432830810547,-0.0019079935550689697,-0.04893942260742187,-0.5294043728380102,0.6772288201294406,-0.2215407260908843,0.46044745319034586,0,0
1708440605.7304964,0.0719117202758789,-0.0019037022590637207,-0.04979393768310547,-0.5295432133588612,0.6779332109753727,-0.2208069876067878,0.4596028884088043,0,0
1708440605.7388284,0.07209959411621093,-0.0018999936580657959,-0.05052091598510742,-0.5297269911194126,0.6788444216255185,-0.22037444942619017,0.4582517554287742,0,0
1708440605.7471545,0.07237651824951172,-0.0018945270776748657,-0.051277107238769534,-0.5293312971174257,0.6799316782925662,-0.22035959005784317,0.4571027574417535,0,0
1708440605.7554865,0.07267395782470704,-0.001888655662536621,-0.05189468383789062,-0.5290836289220112,0.6802234290659511,-0.2204651633109297,0.4569045025097157,0,0
1708440605.7638211,0.07299772644042969,-0.0018822643756866455,-0.052461631774902345,-0.5288335563602972,0.6805164619754699,-0.2205718727352403,0.45670610452677657,0,0
1708440605.7721543,0.07337805938720703,-0.0018747565746307373,-0.05301633071899414,-0.5285343536417447,0.6807186420893543,-0.2207846471205182,0.45664835510185126,0,0
1708440605.780498,0.07356484222412109,-0.0018710695505142212,-0.05324874114990234,-0.5286248095508796,0.6806973814505811,-0.2209848571632706,0.4564784596593675,0,0
1708440605.7888312,0.07414837646484375,-0.0018595504760742189,-0.05412002182006836,-0.5283638023514049,0.680789406795745,-0.2215049232273203,0.4563913214981019,0,0
1708440605.7971559,0.07457087707519532,-0.0018897874355316162,-0.05470727157592774,-0.5284527535718159,0.680166690817701,-0.22175580140283652,0.45709445073930133,0,0
1708440605.8054895,0.07484809875488281,-0.0019226648807525635,-0.055189861297607425,-0.528373401468021,0.6805660034870386,-0.22204509272896822,0.4564509176230634,0,0
1708440605.8138213,0.07515074157714843,-0.0019547816514968873,-0.05584824752807617,-0.5287388574678441,0.6803958910478654,-0.2218795260844408,0.4563618225880175,0,0
1708440605.8221545,0.07544664001464843,-0.0020250136852264402,-0.05641731262207031,-0.5281274823743587,0.6806682442190478,-0.22209762776073705,0.4565575023870853,0,0
1708440605.8304968,0.07576699829101563,-0.002132298469543457,-0.056934848785400394,-0.5282716676156127,0.6807632969143133,-0.2222973971816837,0.4561515655874053,0,0
1708440605.838826,0.0760764389038086,-0.002201098918914795,-0.05736285018920898,-0.5286276810253453,0.6804296433295316,-0.22251746084091653,0.456129660285789,0,0
1708440605.847163,0.07639430236816407,-0.0022691853046417237,-0.05765070343017578,-0.5281029789012637,0.680890230794448,-0.22251773103531683,0.4560499723885839,0,0
1708440605.8554885,0.0766790771484375,-0.0022998762130737303,-0.05789990234375,-0.5282280496502076,0.6805829436977416,-0.2228337633603424,0.4562094976352632,0,0
1708440605.863822,0.07689725494384765,-0.0022944023609161378,-0.05807345962524414,-0.5279979012273784,0.6812001478176419,-0.2229962390304548,0.45547476167940415,0,0
1708440605.8721557,0.07706316375732422,-0.0022902402877807617,-0.05826001358032227,-0.5276309251144776,0.6816417101794023,-0.22326370481443347,0.4551082240910169,0,0
1708440605.88049,0.07724873352050782,-0.0022855844497680663,-0.058395355224609376,-0.5264620399637093,0.6818841571579789,-0.22366247525658192,0.45590218955801876,0,0
1708440605.888822,0.07744865417480469,-0.0022805688381195067,-0.05861832046508789,-0.5267214897203802,0.6821393494840828,-0.2236486230856667,0.4552270748453836,0,0
1708440605.897156,0.07761566925048828,-0.002276378631591797,-0.05880375289916992,-0.5264817980985149,0.6816811054282317,-0.2241674828212502,0.45593498708821556,0,0
1708440605.9054887,0.07788801574707031,-0.0022695457935333254,-0.058960777282714844,-0.5258326042711179,0.6816715715755963,-0.22484868520401283,0.45636281951801977,0,0
1708440605.9138207,0.07803688049316407,-0.0022658112049102784,-0.05919635009765625,-0.5252783659645027,0.6818455617570175,-0.22532060069743332,0.45650835463065476,0,0
1708440605.922155,0.07827622985839844,-0.0022598061561584473,-0.05931522750854492,-0.5244924781128745,0.6816575846160798,-0.22610675645030462,0.45730329638300354,0,0
1708440605.930489,0.07844467163085937,-0.002255580425262451,-0.059498970031738284,-0.52343936295752,0.6821943741813343,-0.22673947956129187,0.45739617076172334,0,0
1708440605.938822,0.07871817016601562,-0.002248718738555908,-0.05965332412719727,-0.5216067564333099,0.6826374920020462,-0.22795119477303852,0.4582256075106351,0,0
1708440605.9471667,0.07901036071777344,-0.0022413880825042725,-0.059755638122558595,-0.5197697609705695,0.6830772035489443,-0.2291572451020238,0.45905541741804173,0,0
1708440605.955466,0.07925032806396484,-0.002235367774963379,-0.059871860504150394,-0.5175406409949388,0.6839369273490098,-0.22996174241009876,0.45989082560889255,0,0
1708440605.963822,0.07959485626220703,-0.002226724147796631,-0.059957496643066405,-0.5155822575541542,0.6843061985199914,-0.23171253641147022,0.4606617523100049,0,0
1708440605.972155,0.07978280639648437,-0.0022220087051391603,-0.0600872802734375,-0.5142686888039694,0.6845919262824797,-0.23299305760080027,0.4610594885571259,0,0
1708440605.980488,0.08002308654785156,-0.002215980529785156,-0.06020143508911133,-0.5137771697273905,0.6841277005827382,-0.23496082179175762,0.4612978558857344,0,0
1708440605.9888208,0.08010712432861328,-0.002213871955871582,-0.06036091232299805,-0.5134337339229056,0.6839430298174264,-0.23662219738984253,0.4611048302354923,0,0
1708440605.9971662,0.08025975799560547,-0.002210042715072632,-0.06059228897094727,-0.5127380786520992,0.6833300156695717,-0.23915849075137594,0.4614791145961645,0,0
1708440606.0054896,0.08032665252685547,-0.002208364486694336,-0.060802951812744144,-0.5122053866244235,0.6828716810557945,-0.2410415312433192,0.4617693233103109,0,0
1708440606.0138202,0.08025450134277344,-0.002210174560546875,-0.06114751434326172,-0.5128319401686867,0.6822215128672698,-0.24308545932749595,0.46096275822799143,0,0
1708440606.022156,0.08021846771240235,-0.002211078643798828,-0.061389404296875,-0.5135221617963642,0.6815387443382043,-0.24467561433318855,0.460362640278671,0,0
1708440606.0304906,0.08013089752197265,-0.002213275671005249,-0.06164696502685547,-0.5139506718184669,0.6815858473259516,-0.2460841940653594,0.45906207990635,0,0
1708440606.0388215,0.08006121063232421,-0.0022150237560272217,-0.06185314178466797,-0.5144444267157595,0.6815993431783619,-0.2470380545528261,0.4579753988123674,0,0
1708440606.0471652,0.08009598541259766,-0.0022141516208648683,-0.06202838516235352,-0.514897268645513,0.6813950232801419,-0.2477440838084205,0.45738878673034133,0,0
1708440606.0554883,0.08014828491210937,-0.002212839365005493,-0.06215204620361328,-0.5160969410703394,0.6802227821459732,-0.24882400337689717,0.4571953049901193,0,0
1708440606.0638216,0.08032196807861328,-0.002208482027053833,-0.06219275665283203,-0.5166948088972687,0.6800747335591513,-0.24904904444971662,0.4566173547806317,0,0
1708440606.0721648,0.08046170806884766,-0.002241138696670532,-0.062197269439697264,-0.5178551714553307,0.6796146729246683,-0.24981107738635203,0.45557034214504366,0,0
1708440606.0805001,0.08060143280029297,-0.0022736818790435793,-0.062201602935791016,-0.5182690472031912,0.6789024878596289,-0.25031455663671537,0.4558850892785971,0,0
1708440606.0888212,0.08072401428222656,-0.0023065619468688966,-0.06225739288330078,-0.5194924650401517,0.678405640225007,-0.25063180680048786,0.4550572079849942,0,0
1708440606.097155,0.0809853515625,-0.00233563232421875,-0.062316818237304686,-0.519433972659051,0.6780590254084726,-0.25135120164173896,0.4552437431255872,0,0
1708440606.1054897,0.08124763488769532,-0.0024003057479858396,-0.06237554168701172,-0.5201355244580876,0.6775475115234139,-0.25202590005951114,0.4548311298678229,0,0
1708440606.1138208,0.08159467315673828,-0.002390742540359497,-0.06245275115966797,-0.5206263202310505,0.6764971498077702,-0.25405640820117475,0.45470338246056846,0,0
1708440606.1221545,0.08187305450439453,-0.0023830709457397462,-0.06259691619873047,-0.5212332660231518,0.6755026721345154,-0.25554608902685194,0.4546517660948456,0,0
1708440606.1304886,0.08227176666259765,-0.0023720834255218505,-0.06265522766113281,-0.5217845714606665,0.6746732201429972,-0.2578588006312713,0.4539446461342227,0,0
1708440606.138813,0.08251432037353515,-0.002330077648162842,-0.06276228713989258,-0.5224924604494272,0.6741515786148321,-0.25908535416416895,0.4532064228302368,0,0
1708440606.1471562,0.08284371185302734,-0.002285950422286987,-0.06288673782348633,-0.5228287926962056,0.6732125068520801,-0.2611894858480828,0.45300666170149145,0,0
1708440606.1554987,0.0831380615234375,-0.0022430174350738527,-0.06297521591186524,-0.5222214825118985,0.6731103225133195,-0.2634599985921635,0.4525439708465397,0,0
1708440606.1638196,0.08346761322021484,-0.0021994152069091796,-0.06309744644165038,-0.5231727288573849,0.6721148125300951,-0.2655873466690233,0.45168057946506424,0,0
1708440606.1721532,0.08371056365966797,-0.0021582934856414797,-0.06320133209228515,-0.5231132827093105,0.6717359210382072,-0.26759998467973195,0.4511248132212491,0,0
1708440606.1804886,0.0840403289794922,-0.002115194320678711,-0.0633215103149414,-0.5235601719171615,0.6711176433628516,-0.2698404952177081,0.4501910234814338,0,0
1708440606.1888423,0.08437017822265624,-0.0020723650455474855,-0.06344051361083984,-0.5231159394471363,0.6703299886360545,-0.2727197444692959,0.4501459190532902,0,0
1708440606.1971543,0.08468421173095703,-0.002030191659927368,-0.06361037063598633,-0.524051869835216,0.6693415790706364,-0.2748088894000647,0.4492566612495028,0,0
1708440606.2054868,0.08501435089111328,-0.0019878934621810913,-0.06372705078125,-0.5243599580423498,0.6684153023422967,-0.276867391198525,0.4490123028169738,0,0
1708440606.2138224,0.0854164047241211,-0.0019783029556274413,-0.06391033554077148,-0.5250394422507769,0.6669095226909313,-0.27973466517713563,0.44868005825085583,0,0
1708440606.222154,0.08583345794677734,-0.0019344048500061035,-0.06403968811035156,-0.5256437710957665,0.6654703433507442,-0.28227673344333765,0.44851721922301535,0,0
1708440606.2304866,0.08625132751464844,-0.0019246087074279786,-0.06416719055175782,-0.52595287121694,0.6642601504420722,-0.28443558286648873,0.44858490274093493,0,0
1708440606.23882,0.08663872528076172,-0.0019155271053314209,-0.06439730072021485,-0.5266796141068104,0.6627147194460132,-0.2868769101322411,0.4484634204027432,0,0
1708440606.2471552,0.08700521087646484,-0.0018734687566757202,-0.06454022979736328,-0.5273957196431532,0.6613226164516852,-0.28889776721142396,0.44837955611298114,0,0
1708440606.2554882,0.08811419677734375,-0.0,-0.06551071166992188,-0.47808676467520994,0.6911422823666439,-0.3082980454534908,0.44576641792956384,0,0
1708440606.2638226,0.08811419677734375,-0.0,-0.06551071166992188,-0.4798522758456095,0.6899176807468299,-0.30943674736977006,0.44497671999447036,0,0
1708440606.2721615,0.08811419677734375,-0.0,-0.06551071166992188,-0.48073385902293103,0.6893036845187671,-0.3100053407793377,0.4445807827801302,0,0
1708440606.280605,0.08811419677734375,-0.0,-0.06551071166992188,-0.48161466056431895,0.6886885675061465,-0.3105734195959792,0.4441841159726453,0,0
1708440606.288821,0.08811419677734375,-0.0,-0.06551071166992188,-0.4829343699384177,0.6877637785199028,-0.31142458686124624,0.4435877618807249,0,0
1708440606.297158,0.08811419677734375,-0.0,-0.06551071166992188,-0.483813189135824,0.6871458517761833,-0.31199141053557106,0.4431892861348011,0,0
1708440606.305472,0.08811419677734375,-0.0,-0.06551071166992188,-0.4839398797936757,0.6874801947168502,-0.312069523366986,0.4424768924818513,0,0
1708440606.313779,0.08811419677734375,-0.0,-0.06551071166992188,-0.4846912163125596,0.6865267990919919,-0.31255770520311343,0.44279008129712505,0,0
1708440606.3221095,0.08811419677734375,-0.0,-0.06551071166992188,-0.48556845388382786,0.6859066201343326,-0.3131235158218654,0.4423901545048397,0,0
1708440606.3304877,0.08811419677734375,-0.0,-0.06551071166992188,-0.48556845388382786,0.6859066201343326,-0.3131235158218654,0.4423901545048397,0,0
1708440606.3388197,0.08811419677734375,-0.0,-0.06551071166992188,-0.4860067698442666,0.6855961110836717,-0.3134062143514553,0.4421899241464005,0,0
1708440606.3471537,0.08811419677734375,-0.0,-0.06551071166992188,-0.4849846665028577,0.6863198093655243,-0.3136152115580789,0.44204127187109055,0,0
1708440606.3554873,0.08811419677734375,-0.0,-0.06551071166992188,-0.48461851161860187,0.6865781840910393,-0.31294533511756584,0.44251611970488247,0,0
1708440606.363821,0.08811419677734375,-0.0,-0.06551071166992188,-0.4840125096656191,0.6874289855259795,-0.3116821399465894,0.4427499448974145,0,0
1708440606.3721092,0.08811419677734375,-0.0,-0.06551071166992188,-0.48014716876876834,0.6897127618989911,-0.3104994789139691,0.4442353650238196,0,0
1708440606.3804996,0.08811419677734375,-0.0,-0.06551071166992188,-0.47826182911418835,0.6918634153273229,-0.30885272234882927,0.4440727862213704,0,0
1708440606.388836,0.08811419677734375,-0.0,-0.06551071166992188,-0.47676060210940774,0.6920577659617271,-0.30744270133862606,0.4463567716050651,0,0
1708440606.3971584,0.08811419677734375,-0.0,-0.06551071166992188,-0.47321556955650834,0.6944866097417928,-0.30515624149742454,0.44792303740953837,0,0
1708440606.4054866,0.08811419677734375,-0.0,-0.06551071166992188,-0.47099361689683744,0.6959954213738221,-0.30372316248272135,0.44889600220980397,0,0
1708440606.4138207,0.08811419677734375,-0.0,-0.06551071166992188,-0.468320935276273,0.6977966114000043,-0.30199936042425,0.450057506795552,0,0
1708440606.4221241,0.08811419677734375,-0.0,-0.06551071166992188,-0.4667275559036896,0.6992797212283537,-0.3005494903962803,0.45038125598777334,0,0
1708440606.4304903,0.08811419677734375,-0.0,-0.06551071166992188,-0.4634031824158587,0.7010721172891619,-0.2988275646481299,0.4521697340846142,0,0
1708440606.43882,0.08811419677734375,-0.0,-0.06551071166992188,-0.4602617533530892,0.7031384917130409,-0.2968014476712947,0.45350223950140073,0,0
1708440606.4471543,0.08811419677734375,-0.0,-0.06551071166992188,-0.4575617670117437,0.7048984731962337,-0.29506003688835514,0.4546371673321633,0,0
1708440606.4554875,0.08811419677734375,-0.0,-0.06551071166992188,-0.45511884737044594,0.7060658676929565,-0.2938964539081699,0.45602926348255907,0,0
1708440606.463826,0.08811419677734375,-0.0,-0.06551071166992188,-0.4525193378989245,0.7081461383260446,-0.2922560102643717,0.4564446574220587,0,0
1708440606.4721534,0.08811419677734375,-0.0,-0.06551071166992188,-0.4512356742423022,0.7089647258841574,-0.29097991162649794,0.45725930071029064,0,0
1708440606.480486,0.08811419677734375,-0.0,-0.06551071166992188,-0.4494215620683602,0.7101160952941933,-0.2898098754684486,0.45800176929293906,0,0
1708440606.4888198,0.08811419677734375,-0.0,-0.06551071166992188,-0.44805904800948254,0.7109765812329069,-0.2889310881857856,0.45855665405552204,0,0
1708440606.497153,0.08811419677734375,-0.0,-0.06551071166992188,-0.44661951331357436,0.7118818147574254,-0.28845318230206746,0.45885734437707143,0,0
1708440606.5054865,0.08811419677734375,-0.0,-0.06551071166992188,-0.4453290876678803,0.7126897058451965,-0.2871703504296273,0.45966135989314877,0,0
1708440606.5138195,0.08811419677734375,-0.0,-0.06551071166992188,-0.4444176617581693,0.7132584184834376,-0.2865824995978112,0.4600280864861476,0,0
1708440606.5221534,0.08811419677734375,-0.0,-0.06551071166992188,-0.4428664175397287,0.7138147661032685,-0.28598292850191825,0.4610331625291232,1,0
1708440606.530486,0.08811419677734375,-0.0,-0.06551071166992188,-0.4416789635437723,0.7149575564984955,-0.2848161547671801,0.46112377816720335,1,0
1708440606.5388207,0.08811419677734375,-0.0,-0.06551071166992188,-0.43948659033734994,0.7154934905957006,-0.28419819486885983,0.46276559190622796,1,0
1708440606.5471537,0.08811419677734375,-0.0,-0.06551071166992188,-0.4371214603869995,0.7169409381046418,-0.2831241661101557,0.4634233659542631,1,0
1708440606.5554893,0.08811419677734375,-0.0,-0.06551071166992188,-0.43446781014157765,0.7177399608045495,-0.2821985526565579,0.46524299480420583,1,0
1708440606.5638223,0.08811419677734375,-0.0,-0.06551071166992188,-0.43255464764038987,0.7188947754673596,-0.2814168898690663,0.4657159107858979,1,0
1708440606.5721552,0.08811419677734375,-0.0,-0.06551071166992188,-0.43053628182571185,0.7196999057093117,-0.28050182552849073,0.46689322542336315,1,0
1708440606.58048,0.08811419677734375,-0.0,-0.06551071166992188,-0.43140386708906664,0.7208001658126009,-0.2785795934509917,0.46554400515636707,1,0
1708440606.5888326,0.08811419677734375,-0.0,-0.06551071166992188,-0.4298433148706837,0.7213280379845728,-0.27796112979948673,0.46653854410513496,1,0
1708440606.5971398,0.08811419677734375,-0.0,-0.06551071166992188,-0.4297367781731611,0.7221986662225521,-0.2771138513060328,0.4657931878050965,1,0
1708440606.6054876,0.08811419677734375,-0.0,-0.06551071166992188,-0.4288131903889997,0.7227474361316144,-0.2765181663949733,0.46614706628567026,1,0
1708440606.613827,0.08811419677734375,-0.0,-0.06551071166992188,-0.42799766150580804,0.7224246710806401,-0.2767674024016411,0.4672476896441869,1,0
1708440606.6221125,0.08811419677734375,-0.0,-0.06551071166992188,-0.42771243811433846,0.7229967114334516,-0.27619542212612735,0.46696241949880063,1,0
1708440606.630488,0.08811419677734375,-0.0,-0.06551071166992188,-0.42725022624877523,0.7232699468994034,-0.2758968825128097,0.4671388702058159,1,0
1708440606.6388206,0.08811419677734375,-0.0,-0.06551071166992188,-0.42725022624877523,0.7232699468994034,-0.2758968825128097,0.4671388702058159,1,0
1708440606.6471577,0.08811419677734375,-0.0,-0.06551071166992188,-0.4273270405453186,0.7232246534842315,-0.27548738199343836,0.46738036525912685,1,0
1708440606.6554878,0.08811419677734375,-0.0,-0.06551071166992188,-0.42750319480072735,0.7235231586727661,-0.27521491780152724,0.46691756412892826,1,0
1708440606.6638212,0.08811419677734375,-0.0,-0.06551071166992188,-0.4273270405453186,0.7232246534842315,-0.27548738199343836,0.46738036525912685,1,0
1708440606.6721096,0.08811419677734375,-0.0,-0.06551071166992188,-0.4271507064770592,0.7229258575643063,-0.275759708553238,0.4678429740747317,1,0
1708440606.6804883,0.08811419677734375,-0.0,-0.06551071166992188,-0.42743601755168315,0.722353696637053,-0.27633120819275575,0.4681288929477964,1,0
1708440606.688823,0.08811419677734375,-0.0,-0.06551071166992188,-0.42708210670151203,0.7217548444789817,-0.27687592630092356,0.4690528062008403,0,0
1708440606.6971576,0.08811419677734375,-0.0,-0.06551071166992188,-0.42762064840721714,0.7214361407024179,-0.27676360728104277,0.4691187474617153,0,0
1708440606.7054877,0.08811419677734375,-0.0,-0.06551071166992188,-0.4274433416421959,0.7211363092759966,-0.2770354416324225,0.4695806333548602,0,0
1708440606.7138216,0.08811419677734375,-0.0,-0.06551071166992188,-0.4279816423357235,0.7208173526915456,-0.2769226687309179,0.4696465744940825,0,0
1708440606.7221546,0.08811419677734375,-0.0,-0.06551071166992188,-0.42726588935217297,0.7208361955105365,-0.27730715700363057,0.47004231239604594,0,0
1708440606.7304878,0.08811419677734375,-0.0,-0.06551071166992188,-0.4282645583294272,0.7202436796978261,-0.2774944770815707,0.4699311981454063,0,0
1708440606.7388208,0.08811419677734375,-0.0,-0.06551071166992188,-0.42816436624629334,0.7198977350957699,-0.27735172889015425,0.4706363177403343,0,0
1708440606.7471552,0.08811419677734375,-0.0,-0.06551071166992188,-0.42862442956621577,0.7196239129083601,-0.27765250836968625,0.47045893984740483,0,0
1708440606.7554913,0.08811419677734375,-0.0,-0.06551071166992188,-0.4274265059206443,0.7235683793430994,-0.2756237879645584,0.4666764402342866,0,0
1708440606.763822,0.08811419677734375,-0.0,-0.06551071166992188,-0.4274265059206443,0.7235683793430994,-0.2756237879645584,0.4666764402342866,0,0
1708440606.7721226,0.08811419677734375,-0.0,-0.06551071166992188,-0.4269639363936269,0.7238414350419184,-0.2753254389069175,0.46685252258401116,0,0
1708440606.780489,0.08811419677734375,-0.0,-0.06551071166992188,-0.4269639363936269,0.7238414350419184,-0.2753254389069175,0.46685252258401116,0,0
1708440606.7887864,0.08811419677734375,-0.0,-0.06551071166992188,-0.42650115643894615,0.724114199995896,-0.2750269725597418,0.46702841271494666,0,0
1708440606.7971554,0.08811419677734375,-0.0,-0.06551071166992188,-0.4261150125798969,0.724341589808879,-0.2743190706199164,0.4674444446803433,0,0
1708440606.8054929,0.08811419677734375,-0.0,-0.06551071166992188,-0.4256519406925609,0.7246138040453514,-0.2740202457704377,0.4676196879310479,0,0
1708440606.813826,0.08811419677734375,-0.0,-0.06551071166992188,-0.42536370333167556,0.7251845002748913,-0.27345021272854436,0.4673308585109464,0,0
1708440606.822155,0.08811419677734375,-0.0,-0.06551071166992188,-0.42480218317118124,0.7251125244260305,-0.27301213645805017,0.4682086125704583,0,0
1708440606.8304915,0.08811419677734375,-0.0,-0.06551071166992188,-0.42451313149886893,0.7256829696198789,-0.27244294286193943,0.4679184380621026,0,0
1708440606.8388224,0.08811419677734375,-0.0,-0.06551071166992188,-0.4235851076027152,0.7262250567862097,-0.27184455400971513,0.4682663352076775,0,0
1708440606.8471558,0.08811419677734375,-0.0,-0.06551071166992188,-0.4235851076027152,0.7262250567862097,-0.27184455400971513,0.4682663352076775,0,0
1708440606.8554883,0.08811419677734375,-0.0,-0.06551071166992188,-0.4231208150144792,0.7264956602505473,-0.2715452026098575,0.4684399985485663,0,0
1708440606.863821,0.08811419677734375,-0.0,-0.06551071166992188,-0.423197790131207,0.7264511935796049,-0.2711348331016138,0.4686770767811074,0,0
1708440606.8721573,0.08811419677734375,-0.0,-0.06551071166992188,-0.42273337123843496,0.7267215411129133,-0.2708351963389513,0.468850288161353,0,0
1708440606.8804977,0.08811419677734375,-0.0,-0.06551071166992188,-0.42226877813719976,0.7269916010764025,-0.270535459005108,0.4690233000316585,0,0
1708440606.8888297,0.08811419677734375,-0.0,-0.06551071166992188,-0.42281041520110013,0.7266772266787763,-0.27042438421704806,0.4690865633458263,0,0
1708440606.8971612,0.08811419677734375,-0.0,-0.06551071166992188,-0.4229837518703457,0.7269765817300455,-0.2701569026458241,0.4686203560304864,0,0
1708440606.905488,0.08811419677734375,-0.0,-0.06551071166992188,-0.42251899448892927,0.7272467979857005,-0.26985732088568115,0.46879294353582646,0,0
1708440606.9138222,0.08811419677734375,-0.0,-0.06551071166992188,-0.4228875335026824,0.726633012077761,-0.2700132614744136,0.46932232095066373,0,0
1708440606.9221554,0.08811419677734375,-0.0,-0.06551071166992188,-0.4200043779436173,0.7279017370132655,-0.27083679373642194,0.4694707822536519,0,0
1708440606.9304929,0.08811419677734375,-0.0,-0.06551071166992188,-0.4198311675311071,0.7276015210063751,-0.2711051197767336,0.46993597154561134,0,0
1708440606.938822,0.08811419677734375,-0.0,-0.06551071166992188,-0.4207197891751493,0.7278885302872266,-0.2704575384096338,0.4690691485139379,0,0
1708440606.9471595,0.08811419677734375,-0.0,-0.06551071166992188,-0.4207197891751493,0.7278885302872266,-0.2704575384096338,0.4690691485139379,0,0
1708440606.955495,0.08811419677734375,-0.0,-0.06551071166992188,-0.4212619833453866,0.7275750938556373,-0.27034662539210236,0.4691327319274944,0,0
1708440606.9637876,0.08811419677734375,-0.0,-0.06551071166992188,-0.4212619833453866,0.7275750938556373,-0.27034662539210236,0.4691327319274944,0,0
1708440606.9721189,0.08811419677734375,-0.0,-0.06551071166992188,-0.4207197891751493,0.7278885302872266,-0.2704575384096338,0.4690691485139379,0,0
1708440606.9804714,0.08811419677734375,-0.0,-0.06551071166992188,-0.4217269401624662,0.7273056808039562,-0.27064644654311104,0.4689598409129633,0,0
1708440606.9888206,0.08811419677734375,-0.0,-0.06551071166992188,-0.42180399870796703,0.7272613584233669,-0.27023562644761173,0.4691961327716772,0,0
1708440606.9971569,0.08811419677734375,-0.0,-0.06551071166992188,-0.4217269401624662,0.7273056808039562,-0.27064644654311104,0.4689598409129633,0,0
1708440607.005493,0.08811419677734375,-0.0,-0.06551071166992188,-0.42226877813719976,0.7269916010764025,-0.270535459005108,0.4690233000316585,0,0
1708440607.013824,0.08811419677734375,-0.0,-0.06551071166992188,-0.42244203491373317,0.7272909957610741,-0.27026763043855745,0.4685572947418155,0,0
1708440607.0221596,0.08811419677734375,-0.0,-0.06551071166992188,-0.42244203491373317,0.7272909957610741,-0.27026763043855745,0.4685572947418155,0,0
1708440607.0304909,0.08811419677734375,-0.0,-0.06551071166992188,-0.42244203491373317,0.7272909957610741,-0.27026763043855745,0.4685572947418155,0,0
1708440607.038821,0.08811419677734375,-0.0,-0.06551071166992188,-0.42197708217493235,0.727560864832325,-0.2699680815148489,0.46872994211234675,0,0
1708440607.0471578,0.08811419677734375,-0.0,-0.06551071166992188,-0.42101166291329944,0.7273196868931491,-0.27102571205328563,0.4693616206881912,0,0
1708440607.0554492,0.08811419677734375,-0.0,-0.06551071166992188,-0.4205466728388538,0.7275886390743114,-0.2707256409994859,0.46953475941711464,0,0
1708440607.063822,0.08811419677734375,-0.0,-0.06551071166992188,-0.42083817355430253,0.7270196174004143,-0.27129399793084275,0.4698268479352808,0,0
1708440607.0721557,0.08811419677734375,-0.0,-0.06551071166992188,-0.42046955592059426,0.7276331309495163,-0.271136811614031,0.4692975735393241,0,0
1708440607.0804896,0.08811419677734375,-0.0,-0.06551071166992188,-0.42046955592059426,0.7276331309495163,-0.271136811614031,0.4692975735393241,0,0
1708440607.088822,0.08811419677734375,-0.0,-0.06551071166992188,-0.42046955592059426,0.7276331309495163,-0.271136811614031,0.4692975735393241,0,0
1708440607.0971556,0.08811419677734375,-0.0,-0.06551071166992188,-0.42046955592059426,0.7276331309495163,-0.271136811614031,0.4692975735393241,0,0
1708440607.1054974,0.08811419677734375,-0.0,-0.06551071166992188,-0.42101166291329944,0.7273196868931491,-0.27102571205328563,0.4693616206881912,0,0
1708440607.1138225,0.08811419677734375,-0.0,-0.06551071166992188,-0.42046955592059426,0.7276331309495163,-0.271136811614031,0.4692975735393241,0,0
1708440607.1221566,0.08811419677734375,-0.0,-0.06551071166992188,-0.42046955592059426,0.7276331309495163,-0.271136811614031,0.4692975735393241,0,0
1708440607.1304898,0.08811419677734375,-0.0,-0.06551071166992188,-0.42122561789519025,0.7267951336540152,-0.2720057573601272,0.4694152563807128,0,0
1708440607.1388247,0.08811419677734375,-0.0,-0.06551071166992188,-0.42225160003106715,0.7266005049784404,-0.2727460454828801,0.46836406853499035,0,0
1708440607.147138,0.08811419677734375,-0.0,-0.06551071166992188,-0.42464839722841796,0.7252022844344675,-0.27383201703110766,0.4677300520555486,0,0
1708440607.1554897,0.08811419677734375,-0.0,-0.06551071166992188,-0.42650115643894615,0.724114199995896,-0.2750269725597418,0.46702841271494666,0,0
1708440607.1638145,0.08811419677734375,-0.0,-0.06551071166992188,-0.42788890826130355,0.7232950299949342,-0.2759220210676207,0.46650017740992666,0,0
1708440607.1721544,0.08811419677734375,-0.0,-0.06551071166992188,-0.43019831496830746,0.7219238384454525,-0.27741151206057363,0.4656159712040642,0,0
1708440607.1804876,0.08811419677734375,-0.0,-0.06551071166992188,-0.4322206809302726,0.7211185849873637,-0.2783249177442374,0.46444430893537825,0,0
1708440607.1888235,0.08811419677734375,-0.0,-0.06551071166992188,-0.4334504663672977,0.7203803153603971,-0.280026483466232,0.46341996327976726,0,0
1708440607.1971564,0.08811419677734375,-0.0,-0.06551071166992188,-0.43437101803351236,0.7198256161771548,-0.28061868005672924,0.4630616052938119,0,0
1708440607.20549,0.08811419677734375,-0.0,-0.06551071166992188,-0.437100071908909,0.7177660779510828,-0.28186291137064134,0.4629348472406201,0,0
1708440607.2138083,0.08811419677734375,-0.0,-0.06551071166992188,-0.43766317249865505,0.7178284967804769,-0.282283573251706,0.46204888470062594,0,0
1708440607.2221553,0.08811419677734375,-0.0,-0.06551071166992188,-0.43832384278934555,0.7170196779405847,-0.28355938626914395,0.4618972380919751,0,0
1708440607.230488,0.08811419677734375,-0.0,-0.06551071166992188,-0.4387820425737248,0.7167393585952915,-0.28385457178085866,0.46171589903867305,0,0
1708440607.2388215,0.08811419677734375,-0.0,-0.06551071166992188,-0.4398794227077342,0.716472757740486,-0.28416217225970575,0.46089560080463915,0,0
1708440607.247155,0.08811419677734375,-0.0,-0.06551071166992188,-0.44071942107487005,0.7159566996542128,-0.28515387761389416,0.46028215552436896,0,0
1708440607.255488,0.08811419677734375,-0.0,-0.06551071166992188,-0.4425925912812901,0.7143923449433955,-0.28540539265994436,0.46075930174937235,0,0
1708440607.2638218,0.08811419677734375,-0.0,-0.06551071166992188,-0.4444176617581693,0.7132584184834376,-0.2865824995978112,0.4600280864861476,0,0
1708440607.2721658,0.08811419677734375,-0.0,-0.06551071166992188,-0.44570910216044524,0.712452176229101,-0.2878663629275311,0.4592257181496323,0,0
1708440607.2804897,0.08811419677734375,-0.0,-0.06551071166992188,-0.44752919469188174,0.7113102889194618,-0.2890395304929942,0.45848821908462734,0,0
1708440607.288822,0.08811419677734375,-0.0,-0.06551071166992188,-0.44881716584235143,0.7104985223291025,-0.2903189768820633,0.4576788031164392,0,0
1708440607.297157,0.08811419677734375,-0.0,-0.06551071166992188,-0.45168873526199244,0.7086761582305795,-0.29127211954363313,0.457073214563716,0,0
1708440607.30549,0.08811419677734375,-0.0,-0.06551071166992188,-0.45349917930576894,0.7075189941909679,-0.29243979199218373,0.4563270173251049,0,0
1708440607.3138227,0.08811419677734375,-0.0,-0.06551071166992188,-0.45478019508107753,0.7066963097946003,-0.2937132709301132,0.4555082936143127,0,0
1708440607.3221562,0.08811419677734375,-0.0,-0.06551071166992188,-0.4556832490466192,0.7061143562355772,-0.29429535085651004,0.45513244908864436,0,0
1708440607.3304925,0.08811419677734375,-0.0,-0.06551071166992188,-0.4565108957003107,0.7055797615239258,-0.29527493992222054,0.45449719604888555,0,0
1708440607.3388245,0.08811419677734375,-0.0,-0.06551071166992188,-0.4579376079672267,0.7046544209982298,-0.29574841838975996,0.4541895871224637,0,0
1708440607.347134,0.08811419677734375,-0.0,-0.06551071166992188,-0.4593625047595188,0.7037263047496202,-0.29622145134535777,0.45388129728280213,0,0
1708440607.3554895,0.08811419677734375,-0.0,-0.06551071166992188,-0.46052109108015044,0.70255427244646,-0.297385609815,0.45376161932031883,0,0
1708440607.363821,0.08811419677734375,-0.0,-0.06551071166992188,-0.4615348237655631,0.7023035681860067,-0.298067012353458,0.452671351312904,0,0
1708440607.3721557,0.08811419677734375,-0.0,-0.06551071166992188,-0.4635199660914008,0.7014100406125355,-0.2989265723750005,0.4514599495662163,0,0
1708440607.38049,0.08811419677734375,-0.0,-0.06551071166992188,-0.4656413916926465,0.6995875382330164,-0.30027113963535007,0.45121239737203284,0,0
1708440607.3888235,0.08811419677734375,-0.0,-0.06551071166992188,-0.4673545664586835,0.6984442865225471,-0.30181811566605604,0.45017899490546154,0,0
1708440607.3971746,0.08811419677734375,-0.0,-0.06551071166992188,-0.46921259783417046,0.6971973551391768,-0.3025744642269959,0.4496710678176532,0,0
1708440607.405491,0.08811419677734375,-0.0,-0.06551071166992188,-0.4720773927034068,0.6956792839116208,-0.3039951335622243,0.4480627505933093,0,0
1708440607.413825,0.08811419677734375,-0.0,-0.06551071166992188,-0.47321556955650834,0.6944866097417928,-0.30515624149742454,0.44792303740953837,0,0
1708440607.4221566,0.08811419677734375,-0.0,-0.06551071166992188,-0.4740295106811827,0.6939313651480854,-0.30612039768066956,0.44726458217145104,0,0
1708440607.430488,0.08811419677734375,-0.0,-0.06551071166992188,-0.47548207470196496,0.6933569867804862,-0.30706326806969925,0.44596528550629605,0,0
1708440607.4388227,0.08811419677734375,-0.0,-0.06551071166992188,-0.47764492836225286,0.6914477228129451,-0.3080130503567698,0.44596338644216144,0,0
1708440607.4471714,0.08811419677734375,-0.0,-0.06551071166992188,-0.4785284564457052,0.6908365558874858,-0.3085829026522965,0.44556926560033416,0,0
1708440607.4554935,0.08811419677734375,-0.0,-0.06551071166992188,-0.47889679540187835,0.6905813252978865,-0.3092575196383516,0.445101197998966,0,0
1708440607.4638238,0.08811419677734375,-0.0,-0.06551071166992188,-0.4797792211384568,0.6899685513501167,-0.3098262831907717,0.44470549371491314,0,0
1708440607.4721568,0.08811419677734375,-0.0,-0.06551071166992188,-0.48073385902293103,0.6893036845187671,-0.3100053407793377,0.4445807827801302,0,0
1708440607.4804897,0.08811419677734375,-0.0,-0.06551071166992188,-0.4811743472309555,0.6889962690014303,-0.3102894269021016,0.44438254300905805,0,0
1708440607.488822,0.08811419677734375,-0.0,-0.06551071166992188,-0.48205475062797437,0.6883805877669339,-0.31085727230373644,0.4439855178309444,0,0
1708440607.4971588,0.08811419677734375,-0.0,-0.06551071166992188,-0.4829343699384177,0.6877637785199028,-0.31142458686124624,0.4435877618807249,0,0
1708440607.5054886,0.08811419677734375,-0.0,-0.06551071166992188,-0.483813189135824,0.6871458517761833,-0.31199141053557106,0.4431892861348011,0,0
1708440607.5138237,0.08811419677734375,-0.0,-0.06551071166992188,-0.4846912163125596,0.6865267990919919,-0.31255770520311343,0.44279008129712505,0,0
1708440607.5221539,0.08811419677734375,-0.0,-0.06551071166992188,-0.48556845388382786,0.6859066201343326,-0.3131235158218654,0.4423901545048397,0,0
1708440607.5304873,0.08811419677734375,-0.0,-0.06551071166992188,-0.48708342793005455,0.6852564998260687,-0.313660014427216,0.44135096395202267,0,0
1708440607.5388215,0.08811419677734375,-0.0,-0.06551071166992188,-0.48795903969006865,0.6846332684354185,-0.31422396368118216,0.4409496297867835,0,0
1708440607.5471535,0.08811419677734375,-0.0,-0.06551071166992188,-0.48906946156202563,0.6834147218877459,-0.31538156140007817,0.44078322784895063,0,0
1708440607.5554893,0.08811419677734375,-0.0,-0.06551071166992188,-0.4895061992917667,0.6831019785248578,-0.3156632272472677,0.4405815488853831,0,0
1708440607.563824,0.08811419677734375,-0.0,-0.06551071166992188,-0.49037905703008633,0.6824756497407658,-0.3162261951699364,0.440177655532982,0,0
1708440607.5721498,0.08811419677734375,-0.0,-0.06551071166992188,-0.4906851801161332,0.6818286887717576,-0.3164349790541972,0.4406887847713727,0,0
1708440607.5804865,0.08811419677734375,-0.0,-0.06551071166992188,-0.49081517614063247,0.6821620662769264,-0.31650749669817113,0.4399754388915366,0,0
1708440607.5888205,0.08811419677734375,-0.0,-0.06551071166992188,-0.491861159000222,0.6805530386400284,-0.31720660073719437,0.4407948744088161,0,0
1708440607.5971549,0.08811419677734375,-0.0,-0.06551071166992188,-0.49216539897257244,0.6799047687363772,-0.317414230079156,0.44130594908719234,0,0
1708440607.6054988,0.08811419677734375,-0.0,-0.06551071166992188,-0.4924690940780802,0.6792560391822766,-0.3176209156805537,0.44181712460815337,0,0
1708440607.613821,0.08811419677734375,-0.0,-0.06551071166992188,-0.4915564159303522,0.6812008529398748,-0.3169980914271067,0.44028390757248925,0,0
1708440607.622156,0.08811419677734375,-0.0,-0.06551071166992188,-0.491861159000222,0.6805530386400284,-0.31720660073719437,0.4407948744088161,0,0
1708440607.6304889,0.08811419677734375,-0.0,-0.06551071166992188,-0.49173070495878257,0.6802192148333298,-0.317132073033191,0.44150873691871595,0,0
1708440607.638773,0.08811419677734375,-0.0,-0.06551071166992188,-0.49173070495878257,0.6802192148333298,-0.317132073033191,0.44150873691871595,0,0
1708440607.6471598,0.08811419677734375,-0.0,-0.06551071166992188,-0.49160035411369163,0.6798850408230992,-0.3170558627338522,0.44222280496071237,0,0
1708440607.655489,0.08811419677734375,-0.0,-0.06551071166992188,-0.4913970473648174,0.6796026368711043,-0.3173673747070508,0.4426591911375576,0,0
1708440607.6638215,0.08811419677734375,-0.0,-0.06551071166992188,-0.4919043365922974,0.6792362416952475,-0.31726099880421926,0.4427343349942946,0,0
1708440607.672155,0.08811419677734375,-0.0,-0.06551071166992188,-0.48974065574405745,0.6825073355718937,-0.31625782998020635,0.44081606258474143,0,0
1708440607.6804872,0.08811419677734375,-0.0,-0.06551071166992188,-0.48974065574405745,0.6825073355718937,-0.31625782998020635,0.44081606258474143,0,0
1708440607.6888204,0.08811419677734375,-0.0,-0.06551071166992188,-0.49037905703008633,0.6824756497407658,-0.3162261951699364,0.440177655532982,0,0
1708440607.6971538,0.08811419677734375,-0.0,-0.06551071166992188,-0.4899427213300831,0.682788952785881,-0.3159447798337264,0.4403796927015215,0,0
1708440607.7054865,0.08811419677734375,-0.0,-0.06551071166992188,-0.49037905703008633,0.6824756497407658,-0.3162261951699364,0.440177655532982,0,0
1708440607.7138214,0.08811419677734375,-0.0,-0.06551071166992188,-0.4892318614510624,0.6828722088587582,-0.3163622814014796,0.4407410098662489,0,0
1708440607.7221534,0.08811419677734375,-0.0,-0.06551071166992188,-0.4899427213300831,0.682788952785881,-0.3159447798337264,0.4403796927015215,0,0
1708440607.7304866,0.08811419677734375,-0.0,-0.06551071166992188,-0.48872285975060664,0.6832368055038637,-0.31646661805288867,0.4406657795414665,0,0
1708440607.7388198,0.08811419677734375,-0.0,-0.06551071166992188,-0.4895384128820075,0.682225443754199,-0.3165707418369329,0.44125227139354845,0,0
1708440607.7471538,0.08811419677734375,-0.0,-0.06551071166992188,-0.48946586639709394,0.6822775458313644,-0.31695745306039164,0.44097446591729433,0,0
1708440607.7554867,0.08811419677734375,-0.0,-0.06551071166992188,-0.4885519453282283,0.6820778605777145,-0.3176893710259487,0.44176945359041575,0,0
1708440607.763822,0.08811419677734375,-0.0,-0.06551071166992188,-0.48811587264041556,0.6823899951119844,-0.3174069209350246,0.4419724315609688,0,0
1708440607.7721546,0.08811419677734375,-0.0,-0.06551071166992188,-0.4872013806208289,0.6821881366155348,-0.3181389838466464,0.44276603107889606,0,0
1708440607.7804883,0.08811419677734375,-0.0,-0.06551071166992188,-0.48763731162353124,0.6818765898588965,-0.31842192783141354,0.4425625923768839,0,0
1708440607.7888258,0.08811419677734375,-0.0,-0.06551071166992188,-0.4872013806208289,0.6821881366155348,-0.3181389838466464,0.44276603107889606,0,0
1708440607.7971556,0.08811419677734375,-0.0,-0.06551071166992188,-0.48648932692660235,0.6822684465465956,-0.318558247531146,0.44312361015800733,0,0
1708440607.805488,0.08811419677734375,-0.0,-0.06551071166992188,-0.4862861327857748,0.6819846943568678,-0.31887168351939627,0.44355778745418684,0,0
1708440607.8138216,0.08811419677734375,-0.0,-0.06551071166992188,-0.48672196122362416,0.6816737295380808,-0.31915512411034935,0.44335387793385955,0,0
1708440607.8221545,0.08811419677734375,-0.0,-0.06551071166992188,-0.4862130775244831,0.6820374702659363,-0.319261307898793,0.4432763859098938,0,0
1708440607.8304877,0.08811419677734375,-0.0,-0.06551071166992188,-0.4860827687899826,0.6817006519196437,-0.31918498950587854,0.44399179389348675,0,0
1708440607.8388212,0.08811419677734375,-0.0,-0.06551071166992188,-0.48600957084312113,0.6817535153883417,-0.319575200142483,0.4437099550234327,0,0
1708440607.8471549,0.08811419677734375,-0.0,-0.06551071166992188,-0.48600957084312113,0.6817535153883417,-0.319575200142483,0.4437099550234327,0,0
1708440607.8554897,0.08811419677734375,-0.0,-0.06551071166992188,-0.48600957084312113,0.6817535153883417,-0.319575200142483,0.4437099550234327,0,0
1708440607.863819,0.08811419677734375,-0.0,-0.06551071166992188,-0.48600957084312113,0.6817535153883417,-0.319575200142483,0.4437099550234327,0,0
1708440607.8721387,0.08811419677734375,-0.0,-0.06551071166992188,-0.4855736967857606,0.682064028735507,-0.3192915285200738,0.4439141360383285,0,0
1708440607.8804882,0.08811419677734375,-0.0,-0.06551071166992188,-0.48651839641158695,0.681389817164574,-0.3194687177290853,0.4437876831064038,0,0
1708440607.8888214,0.08811419677734375,-0.0,-0.06551071166992188,-0.4853701944934285,0.6817796587221034,-0.31960502287928044,0.4443477217485258,0,0
1708440607.897141,0.08811419677734375,-0.0,-0.06551071166992188,-0.4853701944934285,0.6817796587221034,-0.31960502287928044,0.4443477217485258,0,0
1708440607.9054904,0.08811419677734375,-0.0,-0.06551071166992188,-0.4858058662287675,0.681469278195685,-0.31988898083693845,0.44414334786815435,0,0
1708440607.9138312,0.08811419677734375,-0.0,-0.06551071166992188,-0.48600957084312113,0.6817535153883417,-0.319575200142483,0.4437099550234327,0,0
1708440607.9221106,0.08811419677734375,-0.0,-0.06551071166992188,-0.4858791773462315,0.6814163380063963,-0.31949815701235046,0.4444256175739211,0,0
1708440607.9304495,0.08811419677734375,-0.0,-0.06551071166992188,-0.4853701944934285,0.6817796587221034,-0.31960502287928044,0.4443477217485258,0,0
1708440607.9387803,0.08811419677734375,-0.0,-0.06551071166992188,-0.4853701944934285,0.6817796587221034,-0.31960502287928044,0.4443477217485258,0,0
1708440607.9471557,0.08811419677734375,-0.0,-0.06551071166992188,-0.4853701944934285,0.6817796587221034,-0.31960502287928044,0.4443477217485258,0,0
1708440607.9554887,0.08811419677734375,-0.0,-0.06551071166992188,-0.4858058662287675,0.681469278195685,-0.31988898083693845,0.44414334786815435,0,0
1708440607.9638312,0.08811419677734375,-0.0,-0.06551071166992188,-0.4853701944934285,0.6817796587221034,-0.31960502287928044,0.4443477217485258,0,0
1708440607.9721532,0.08811419677734375,-0.0,-0.06551071166992188,-0.4858058662287675,0.681469278195685,-0.31988898083693845,0.44414334786815435,0,0
1708440607.9804933,0.08811419677734375,-0.0,-0.06551071166992188,-0.4853701944934285,0.6817796587221034,-0.31960502287928044,0.4443477217485258,0,0
1708440607.9888196,0.08811419677734375,-0.0,-0.06551071166992188,-0.4853701944934285,0.6817796587221034,-0.31960502287928044,0.4443477217485258,0,0
1708440607.997154,0.08811419677734375,-0.0,-0.06551071166992188,-0.4858058662287675,0.681469278195685,-0.31988898083693845,0.44414334786815435,0,0
1708440608.005488,0.08811419677734375,-0.0,-0.06551071166992188,-0.4848610122196615,0.6821427012791452,-0.3197117716508709,0.4442696640907058,0,0
1708440608.0138297,0.08811419677734375,-0.0,-0.06551071166992188,-0.4858058662287675,0.681469278195685,-0.31988898083693845,0.44414334786815435,0,0
1708440608.0221548,0.08811419677734375,-0.0,-0.06551071166992188,-0.4853701944934285,0.6817796587221034,-0.31960502287928044,0.4443477217485258,0,0
1708440608.0304894,0.08811419677734375,-0.0,-0.06551071166992188,-0.4858058662287675,0.681469278195685,-0.31988898083693845,0.44414334786815435,0,0
1708440608.0388238,0.08811419677734375,-0.0,-0.06551071166992188,-0.4858058662287675,0.681469278195685,-0.31988898083693845,0.44414334786815435,0,0
1708440608.0471568,0.08811419677734375,-0.0,-0.06551071166992188,-0.4853701944934285,0.6817796587221034,-0.31960502287928044,0.4443477217485258,0,0
1708440608.0554876,0.08811419677734375,-0.0,-0.06551071166992188,-0.4853701944934285,0.6817796587221034,-0.31960502287928044,0.4443477217485258,0,0
1708440608.0638216,0.08811419677734375,-0.0,-0.06551071166992188,-0.4852969404671509,0.6818326444609165,-0.3199956717778118,0.44406521823483,0,0
1708440608.0721543,0.08811419677734375,-0.0,-0.06551071166992188,-0.4853701944934285,0.6817796587221034,-0.31960502287928044,0.4443477217485258,0,0
1708440608.0804868,0.08811419677734375,-0.0,-0.06551071166992188,-0.4853701944934285,0.6817796587221034,-0.31960502287928044,0.4443477217485258,0,0
1708440608.0887954,0.08811419677734375,-0.0,-0.06551071166992188,-0.4853701944934285,0.6817796587221034,-0.31960502287928044,0.4443477217485258,0,0
1708440608.0971546,0.08811419677734375,-0.0,-0.06551071166992188,-0.4853701944934285,0.6817796587221034,-0.31960502287928044,0.4443477217485258,0,0
1708440608.1054873,0.08811419677734375,-0.0,-0.06551071166992188,-0.4858791773462315,0.6814163380063963,-0.31949815701235046,0.4444256175739211,0,0
1708440608.1138217,0.08811419677734375,-0.0,-0.06551071166992188,-0.4853701944934285,0.6817796587221034,-0.31960502287928044,0.4443477217485258,0,0
1708440608.1221542,0.08811419677734375,-0.0,-0.06551071166992188,-0.4853701944934285,0.6817796587221034,-0.31960502287928044,0.4443477217485258,0,0
1708440608.130489,0.08811419677734375,-0.0,-0.06551071166992188,-0.4853701944934285,0.6817796587221034,-0.31960502287928044,0.4443477217485258,0,0
1708440608.1388216,0.08811419677734375,-0.0,-0.06551071166992188,-0.4858058662287675,0.681469278195685,-0.31988898083693845,0.44414334786815435,0,0
1708440608.1471567,0.08811419677734375,-0.0,-0.06551071166992188,-0.4853701944934285,0.6817796587221034,-0.31960502287928044,0.4443477217485258,0,0
1708440608.1554906,0.08811419677734375,-0.0,-0.06551071166992188,-0.4853701944934285,0.6817796587221034,-0.31960502287928044,0.4443477217485258,0,0
1708440608.1638265,0.08811419677734375,-0.0,-0.06551071166992188,-0.4853701944934285,0.6817796587221034,-0.31960502287928044,0.4443477217485258,0,0
1708440608.172162,0.08811419677734375,-0.0,-0.06551071166992188,-0.4858058662287675,0.681469278195685,-0.31988898083693845,0.44414334786815435,0,0
1708440608.1804872,0.08811419677734375,-0.0,-0.06551071166992188,-0.4858058662287675,0.681469278195685,-0.31988898083693845,0.44414334786815435,0,0
1708440608.18879,0.08811419677734375,-0.0,-0.06551071166992188,-0.4858058662287675,0.681469278195685,-0.31988898083693845,0.44414334786815435,0,0
1708440608.1971538,0.08811419677734375,-0.0,-0.06551071166992188,-0.4858058662287675,0.681469278195685,-0.31988898083693845,0.44414334786815435,0,0
1708440608.2054884,0.08811419677734375,-0.0,-0.06551071166992188,-0.4853701944934285,0.6817796587221034,-0.31960502287928044,0.4443477217485258,0,0
1708440608.2138243,0.08811419677734375,-0.0,-0.06551071166992188,-0.4853701944934285,0.6817796587221034,-0.31960502287928044,0.4443477217485258,0,0
1708440608.222154,0.08811419677734375,-0.0,-0.06551071166992188,-0.4858058662287675,0.681469278195685,-0.31988898083693845,0.44414334786815435,0,0
