time,gripper_joint_position,gripper_joint_velocity
1708437925.3672059,0.7929515418502203,0.0
1708437925.37703,0.7929515418502203,0.0
1708437925.3872206,0.7929515418502203,0.0
1708437925.3971202,0.7929515418502203,0.0
1708437925.4072335,0.7929515418502203,0.0
1708437925.4171686,0.7929515418502203,0.0
1708437925.4271748,0.7929515418502203,0.0
1708437925.4380722,0.7929515418502203,0.0
1708437925.4471052,0.7929515418502203,0.0
1708437925.45721,0.7929515418502203,0.0
1708437925.4671493,0.7929515418502203,0.0
1708437925.4772656,0.7929515418502203,0.0
1708437925.4871418,0.7929515418502203,0.0
1708437925.4981427,0.7929515418502203,0.0
1708437925.5080166,0.7929515418502203,0.0
1708437925.5170732,0.7929515418502203,0.0
1708437925.528256,0.7929515418502203,0.0
1708437925.5391536,0.7929515418502203,0.0
1708437925.5482178,0.7929515418502203,0.0
1708437925.5571165,0.7929515418502203,0.0
1708437925.567123,0.7929515418502203,0.0
1708437925.5771425,0.7929515418502203,0.0
1708437925.5873294,0.7929515418502203,0.0
1708437925.5970478,0.7929515418502203,0.0
1708437925.6071737,0.7929515418502203,0.0
1708437925.6170375,0.7929515418502203,0.0
1708437925.6270008,0.7929515418502203,0.0
1708437925.637246,0.7929515418502203,0.0
1708437925.647077,0.7929515418502203,0.0
1708437925.657175,0.7929515418502203,0.0
1708437925.6670334,0.7929515418502203,0.0
1708437925.6771762,0.7929515418502203,0.0
1708437925.6870275,0.7929515418502203,0.0
1708437925.6970215,0.7929515418502203,0.0
1708437925.7071009,0.7929515418502203,0.0
1708437925.7170107,0.7929515418502203,0.0
1708437925.7270038,0.7929515418502203,0.0
1708437925.7370732,0.7929515418502203,0.0
1708437925.7490652,0.7929515418502203,0.0
1708437925.7580717,0.7929515418502203,0.0
1708437925.767051,0.7929515418502203,0.0
1708437925.7769873,0.7929515418502203,0.0
1708437925.787217,0.7929515418502203,0.0
1708437925.7970345,0.7929515418502203,0.0
1708437925.807053,0.7929515418502203,0.0
1708437925.8170557,0.7929515418502203,0.0
1708437925.8270142,0.7929515418502203,0.0
1708437925.8372173,0.7929515418502203,0.0
1708437925.847046,0.7929515418502203,0.0
1708437925.8569763,0.7929515418502203,0.0
1708437925.8672302,0.7929515418502203,0.0
1708437925.8769956,0.7929515418502203,0.0
1708437925.8873155,0.7929515418502203,0.0
1708437925.897232,0.7929515418502203,0.0
1708437925.9071887,0.7929515418502203,0.0
1708437925.9172184,0.7929515418502203,0.0
1708437925.9271379,0.7929515418502203,0.0
1708437925.9372303,0.7929515418502203,0.0
1708437925.947104,0.7929515418502203,0.0
1708437925.9571228,0.7929515418502203,0.0
1708437925.9670887,0.7929515418502203,0.0
1708437925.976987,0.7929515418502203,0.0
1708437925.988097,0.7929515418502203,0.0
1708437925.9971025,0.7929515418502203,0.0
1708437926.0080335,0.7929515418502203,0.0
1708437926.0182,0.7929515418502203,0.0
1708437926.0270083,0.7929515418502203,0.0
1708437926.0369937,0.7929515418502203,0.0
1708437926.0472345,0.7929515418502203,0.0
1708437926.05724,0.7929515418502203,0.0
1708437926.0670824,0.7929515418502203,0.0
1708437926.0771751,0.7929515418502203,0.0
1708437926.0871665,0.7929515418502203,0.0
1708437926.0970979,0.7929515418502203,0.0
1708437926.1073313,0.7929515418502203,0.0
1708437926.1170628,0.7929515418502203,0.0
1708437926.1270478,0.7929515418502203,0.0
1708437926.1371477,0.7929515418502203,0.0
1708437926.1471832,0.7929515418502203,0.0
1708437926.1572506,0.7929515418502203,0.0
1708437926.1674056,0.7929515418502203,0.0
1708437926.1770997,0.7929515418502203,0.0
1708437926.1871016,0.7929515418502203,0.0
1708437926.1971564,0.7929515418502203,0.0
1708437926.2080295,0.7929515418502203,0.0
1708437926.2180903,0.7929515418502203,0.0
1708437926.2280505,0.7929515418502203,0.0
1708437926.2392426,0.7929515418502203,0.0
1708437926.2491672,0.7929515418502203,0.0
1708437926.2581725,0.7929515418502203,0.0
1708437926.2682724,0.7929515418502203,0.0
1708437926.2771122,0.7929515418502203,0.0
1708437926.2870998,0.7929515418502203,0.0
1708437926.2972996,0.7929515418502203,0.0
1708437926.3072138,0.7929515418502203,0.0
1708437926.317006,0.7929515418502203,0.0
1708437926.3271446,0.7929515418502203,0.0
1708437926.3371449,0.7929515418502203,0.0
1708437926.3482,0.7929515418502203,0.0
1708437926.3571723,0.7929515418502203,0.0
1708437926.3671415,0.7929515418502203,0.0
1708437926.377146,0.7929515418502203,0.0
1708437926.3871455,0.7929515418502203,0.0
1708437926.3970547,0.7929515418502203,0.0
1708437926.4072013,0.7929515418502203,0.0
1708437926.4171393,0.7929515418502203,0.0
1708437926.427177,0.7929515418502203,0.0
1708437926.4371943,0.7929515418502203,0.0
1708437926.4492264,0.7929515418502203,0.0
1708437926.4592576,0.7929515418502203,0.0
1708437926.4692612,0.7929515418502203,0.0
1708437926.4781182,0.7929515418502203,0.0
1708437926.4870217,0.7929515418502203,0.0
1708437926.4981718,0.7929515418502203,0.0
1708437926.507126,0.7929515418502203,0.0
1708437926.5171666,0.7929515418502203,0.0
1708437926.5271358,0.7929515418502203,0.0
1708437926.537104,0.7929515418502203,0.0
1708437926.5472758,0.7929515418502203,0.0
1708437926.557178,0.7929515418502203,0.0
1708437926.567122,0.7929515418502203,0.0
1708437926.5771282,0.7929515418502203,0.0
1708437926.587115,0.7929515418502203,0.0
1708437926.597214,0.7929515418502203,0.0
1708437926.6071713,0.7929515418502203,0.0
1708437926.6171422,0.7929515418502203,0.0
1708437926.6270428,0.7929515418502203,0.0
1708437926.6370842,0.7929515418502203,0.0
1708437926.6471703,0.7929515418502203,0.0
1708437926.6571696,0.7929515418502203,0.0
1708437926.6670985,0.7929515418502203,0.0
1708437926.6781414,0.7929515418502203,0.0
1708437926.6881213,0.7929515418502203,0.0
1708437926.6993349,0.7929515418502203,0.0
1708437926.7090478,0.7929515418502203,0.0
1708437926.716994,0.7929515418502203,0.0
1708437926.7281446,0.7929515418502203,0.0
1708437926.7369986,0.7929515418502203,0.0
1708437926.74712,0.7929515418502203,0.0
1708437926.7571588,0.7929515418502203,0.0
1708437926.7670255,0.7929515418502203,0.0
1708437926.7769876,0.7929515418502203,0.0
1708437926.7872374,0.7929515418502203,0.0
1708437926.7971628,0.7929515418502203,0.0
1708437926.8071287,0.7929515418502203,0.0
1708437926.817136,0.7929515418502203,0.0
1708437926.8271372,0.7929515418502203,0.0
1708437926.8371265,0.7929515418502203,0.0
1708437926.8472252,0.7929515418502203,0.0
1708437926.858391,0.7929515418502203,0.0
1708437926.8680706,0.7929515418502203,0.0
1708437926.8771467,0.7929515418502203,0.0
1708437926.8871543,0.7929515418502203,0.0
1708437926.898188,0.7929515418502203,0.0
1708437926.9082053,0.7929515418502203,0.0
1708437926.9192243,0.7929515418502203,0.0
1708437926.9290824,0.7929515418502203,0.0
1708437926.936978,0.7929515418502203,0.0
1708437926.9482667,0.7929515418502203,0.0
1708437926.9581492,0.7929515418502203,0.0
1708437926.9659615,0.7929515418502203,0.0
1708437926.9770017,0.7929515418502203,0.0
1708437926.9870152,0.7929515418502203,0.0
1708437926.997011,0.7929515418502203,0.0
1708437927.0071514,0.7929515418502203,0.0
1708437927.0170207,0.7929515418502203,0.0
1708437927.0271134,0.7929515418502203,0.0
1708437927.0371325,0.7929515418502203,0.0
1708437927.0472245,0.7929515418502203,0.0
1708437927.0572574,0.7929515418502203,0.0
1708437927.0681717,0.7929515418502203,0.0
1708437927.0770333,0.7929515418502203,0.0
1708437927.0871062,0.7929515418502203,0.0
1708437927.0971324,0.7929515418502203,0.0
1708437927.1071339,0.7929515418502203,0.0
1708437927.1171598,0.7929515418502203,0.0
1708437927.127063,0.7929515418502203,0.0
1708437927.137065,0.7929515418502203,0.0
1708437927.148127,0.7929515418502203,0.0
1708437927.159057,0.7929515418502203,0.0
1708437927.1670089,0.7929515418502203,0.0
1708437927.1770196,0.7929515418502203,0.0
1708437927.1869967,0.7929515418502203,0.0
1708437927.1970634,0.7929515418502203,0.0
1708437927.2070978,0.7929515418502203,0.0
1708437927.2172372,0.7929515418502203,0.0
1708437927.2270932,0.7929515418502203,0.0
1708437927.2370589,0.7929515418502203,0.0
1708437927.2471132,0.7929515418502203,0.0
1708437927.2572455,0.7929515418502203,0.0
1708437927.2672124,0.7929515418502203,0.0
1708437927.2770202,0.7929515418502203,0.0
1708437927.2872207,0.7929515418502203,0.0
1708437927.2972453,0.7929515418502203,0.0
1708437927.3070714,0.7929515418502203,0.0
1708437927.3171828,0.7929515418502203,0.0
1708437927.3271914,0.7929515418502203,0.0
1708437927.3371947,0.7929515418502203,0.0
1708437927.3482313,0.7929515418502203,0.0
1708437927.3592207,0.7929515418502203,0.0
1708437927.3690896,0.7929515418502203,0.0
1708437927.3790212,0.7929515418502203,0.0
1708437927.3882835,0.7929515418502203,0.0
1708437927.3982272,0.7929515418502203,0.0
1708437927.4080784,0.7929515418502203,0.0
1708437927.4170218,0.7929515418502203,0.0
1708437927.4271364,0.7929515418502203,0.0
1708437927.4371195,0.7929515418502203,0.0
1708437927.447184,0.7929515418502203,0.0
1708437927.457263,0.7929515418502203,0.0
1708437927.4672265,0.7929515418502203,0.0
1708437927.47705,0.7929515418502203,0.0
1708437927.4871788,0.7929515418502203,0.0
1708437927.497006,0.7929515418502203,0.0
1708437927.5071015,0.7929515418502203,0.0
1708437927.5170996,0.7929515418502203,0.0
1708437927.5270233,0.7929515418502203,0.0
1708437927.5371256,0.7929515418502203,0.0
1708437927.5471325,0.7929515418502203,0.0
1708437927.5571105,0.7929515418502203,0.0
1708437927.5677197,0.7929515418502203,0.0
1708437927.5771704,0.7929515418502203,0.0
1708437927.587146,0.7929515418502203,0.0
1708437927.5981991,0.7929515418502203,0.0
1708437927.6081946,0.7929515418502203,0.0
1708437927.6171033,0.7929515418502203,0.0
1708437927.6282558,0.7929515418502203,0.0
1708437927.637022,0.7929515418502203,0.0
1708437927.6482038,0.7929515418502203,0.0
1708437927.6582963,0.7929515418502203,0.0
1708437927.6681776,0.7929515418502203,0.0
1708437927.6771674,0.7929515418502203,0.0
1708437927.687118,0.7929515418502203,0.0
1708437927.697143,0.7929515418502203,0.0
1708437927.7072988,0.7929515418502203,0.0
1708437927.7170298,0.7929515418502203,0.0
1708437927.7270267,0.7929515418502203,0.0
1708437927.7370381,0.7929515418502203,0.0
1708437927.7470784,0.7929515418502203,0.0
1708437927.7571173,0.7929515418502203,0.0
1708437927.7669985,0.7929515418502203,0.0
1708437927.7770228,0.7929515418502203,0.0
1708437927.7870054,0.7929515418502203,0.0
1708437927.7970374,0.7929515418502203,0.0
1708437927.8071115,0.7929515418502203,0.0
1708437927.8170412,0.7929515418502203,0.0
1708437927.8270626,0.7929515418502203,0.0
1708437927.837054,0.7929515418502203,0.0
1708437927.8481042,0.7929515418502203,0.0
1708437927.858156,0.7929515418502203,0.0
1708437927.8680217,0.7929515418502203,0.0
1708437927.878081,0.7929515418502203,0.0
1708437927.8870356,0.7929515418502203,0.0
1708437927.8990848,0.7929515418502203,0.0
1708437927.9080174,0.7929515418502203,0.0
1708437927.9180756,0.7929515418502203,0.0
1708437927.9280407,0.7929515418502203,0.0
1708437927.9371986,0.7929515418502203,0.0
1708437927.9470584,0.7929515418502203,0.0
1708437927.9571822,0.7929515418502203,0.0
1708437927.9670765,0.7929515418502203,0.0
1708437927.9770994,0.7929515418502203,0.0
1708437927.9870322,0.7929515418502203,0.0
1708437927.9971826,0.7929515418502203,0.0
1708437928.0071883,0.7929515418502203,0.0
1708437928.0171325,0.7929515418502203,0.0
1708437928.0270252,0.7929515418502203,0.0
1708437928.0369945,0.7929515418502203,0.0
1708437928.0470781,0.7929515418502203,0.0
1708437928.0572605,0.7929515418502203,0.0
1708437928.0673137,0.7929515418502203,0.0
1708437928.0772185,0.7929515418502203,0.0
1708437928.0871475,0.7929515418502203,0.0
1708437928.0972347,0.7929515418502203,0.0
1708437928.1072867,0.7929515418502203,0.0
1708437928.1169958,0.7929515418502203,0.0
1708437928.1270943,0.7929515418502203,0.0
1708437928.1369824,0.7929515418502203,0.0
1708437928.1491516,0.7929515418502203,0.0
1708437928.1592817,0.7929515418502203,0.0
1708437928.1701272,0.7929515418502203,0.0
1708437928.1789978,0.7929515418502203,0.0
1708437928.188037,0.7929515418502203,0.0
1708437928.198111,0.7929515418502203,0.0
1708437928.2070954,0.7929515418502203,0.0
1708437928.21718,0.7929515418502203,0.0
1708437928.2273014,0.7929515418502203,0.0
1708437928.2371473,0.7929515418502203,0.0
1708437928.247155,0.7929515418502203,0.0
1708437928.2573228,0.7929515418502203,0.0
1708437928.2680907,0.7929515418502203,0.0
1708437928.2771525,0.7929515418502203,0.0
1708437928.2871382,0.7929515418502203,0.0
1708437928.2972097,0.7929515418502203,0.0
1708437928.3072994,0.7929515418502203,0.0
1708437928.3171167,0.7929515418502203,0.0
1708437928.3270211,0.7929515418502203,0.0
1708437928.3370097,0.7929515418502203,0.0
1708437928.3472393,0.7929515418502203,0.0
1708437928.3571184,0.7929515418502203,0.0
1708437928.3670108,0.7929515418502203,0.0
1708437928.3771548,0.7929515418502203,0.0
1708437928.3871763,0.7929515418502203,0.0
1708437928.3972228,0.7929515418502203,0.0
1708437928.4073205,0.7929515418502203,0.0
1708437928.4170253,0.7929515418502203,0.0
1708437928.427054,0.7929515418502203,0.0
1708437928.438133,0.7929515418502203,0.0
1708437928.4480724,0.7929515418502203,0.0
1708437928.4591637,0.7929515418502203,0.0
1708437928.4681866,0.7929515418502203,0.0
1708437928.478121,0.7929515418502203,0.0
1708437928.4880118,0.7929515418502203,0.0
1708437928.4971626,0.7929515418502203,0.0
1708437928.5072224,0.7929515418502203,0.0
1708437928.5170186,0.7929515418502203,0.0
1708437928.5271466,0.7929515418502203,0.0
1708437928.5370057,0.7929515418502203,0.0
1708437928.5470757,0.7929515418502203,0.0
1708437928.5570872,0.7929515418502203,0.0
1708437928.56702,0.7929515418502203,0.0
1708437928.5770211,0.7929515418502203,0.0
1708437928.5870087,0.7929515418502203,0.0
1708437928.5971034,0.7929515418502203,0.0
1708437928.6071463,0.7929515418502203,0.0
1708437928.6171353,0.7929515418502203,0.0
1708437928.6270373,0.7929515418502203,0.0
1708437928.637149,0.7929515418502203,0.0
1708437928.6471593,0.7929515418502203,0.0
1708437928.6571193,0.7929515418502203,0.0
1708437928.6671503,0.7929515418502203,0.0
1708437928.678085,0.7929515418502203,0.0
1708437928.687222,0.7929515418502203,0.0
1708437928.6982622,0.7929515418502203,0.0
1708437928.7082715,0.7929515418502203,0.0
1708437928.7190871,0.7929515418502203,0.0
1708437928.7281885,0.7929515418502203,0.0
1708437928.7369795,0.7929515418502203,0.0
1708437928.747183,0.7929515418502203,0.0
1708437928.7581093,0.7929515418502203,0.0
1708437928.7671068,0.7929515418502203,0.0
1708437928.7770138,0.7929515418502203,0.0
1708437928.7870388,0.7929515418502203,0.0
1708437928.7971864,0.7929515418502203,0.0
1708437928.807111,0.7929515418502203,0.0
1708437928.8170834,0.7929515418502203,0.0
1708437928.8270147,0.7929515418502203,0.0
1708437928.8371048,0.7929515418502203,0.0
1708437928.8472378,0.7929515418502203,0.0
1708437928.8573477,0.7929515418502203,0.0
1708437928.8671126,0.7929515418502203,0.0
1708437928.8770816,0.7929515418502203,0.0
1708437928.8871043,0.7929515418502203,0.0
1708437928.8971715,0.7929515418502203,0.0
1708437928.9070961,0.7929515418502203,0.0
1708437928.9170892,0.7929515418502203,0.0
1708437928.9269888,0.7929515418502203,0.0
1708437928.937008,0.7929515418502203,0.0
1708437928.9480684,0.7929515418502203,0.0
1708437928.9585245,0.7929515418502203,0.0
1708437928.9691784,0.7929515418502203,0.0
1708437928.9791324,0.7929515418502203,0.0
1708437928.9882524,0.7929515418502203,0.0
1708437928.9961264,0.7929515418502203,0.0
1708437929.008176,0.7929515418502203,0.0
1708437929.0180328,0.7929515418502203,0.0
1708437929.0270102,0.7929515418502203,0.0
1708437929.037038,0.7929515418502203,0.0
1708437929.0471084,0.7929515418502203,0.0
1708437929.0570834,0.7929515418502203,0.0
1708437929.0670214,0.7929515418502203,0.0
1708437929.0772252,0.7929515418502203,0.0
1708437929.0871146,0.7929515418502203,0.0
1708437929.0972073,0.7929515418502203,0.0
1708437929.107128,0.7929515418502203,0.0
1708437929.1170745,0.7929515418502203,0.0
1708437929.1270523,0.7929515418502203,0.0
1708437929.137036,0.7929515418502203,0.0
1708437929.1471143,0.7929515418502203,0.0
1708437929.157152,0.7929515418502203,0.0
1708437929.1670933,0.7929515418502203,0.0
1708437929.1771896,0.7929515418502203,0.0
1708437929.1870668,0.7929515418502203,0.0
1708437929.1972158,0.7929515418502203,0.0
1708437929.207207,0.7929515418502203,0.0
1708437929.2171657,0.7929515418502203,0.0
1708437929.2280061,0.7929515418502203,0.0
1708437929.2371485,0.7929515418502203,0.0
1708437929.249215,0.7929515418502203,0.0
1708437929.258192,0.7929515418502203,0.0
1708437929.2680917,0.7929515418502203,0.0
1708437929.2771192,0.7929515418502203,0.0
1708437929.287017,0.7929515418502203,0.0
1708437929.2972302,0.7929515418502203,0.0
1708437929.3072112,0.7929515418502203,0.0
1708437929.316999,0.7929515418502203,0.0
1708437929.3270442,0.7929515418502203,0.0
1708437929.3370242,0.7929515418502203,0.0
1708437929.347149,0.7929515418502203,0.0
1708437929.357023,0.7929515418502203,0.0
1708437929.367118,0.7929515418502203,0.0
1708437929.377057,0.7929515418502203,0.0
1708437929.3870344,0.7929515418502203,0.0
1708437929.3972943,0.7929515418502203,0.0
1708437929.4072044,0.7929515418502203,0.0
1708437929.4170957,0.7929515418502203,0.0
1708437929.4270213,0.7929515418502203,0.0
1708437929.4370294,0.7929515418502203,0.0
1708437929.447211,0.7929515418502203,0.0
1708437929.4572802,0.7929515418502203,0.0
1708437929.4681554,0.7929515418502203,0.0
1708437929.477266,0.7929515418502203,0.0
1708437929.4872155,0.7929515418502203,0.0
1708437929.4992392,0.7929515418502203,0.0
1708437929.5080588,0.7929515418502203,0.0
1708437929.5182154,0.7929515418502203,0.0
1708437929.5282407,0.7929515418502203,0.0
1708437929.537024,0.7929515418502203,0.0
1708437929.547362,0.7929515418502203,0.0
1708437929.5572345,0.7929515418502203,0.0
1708437929.5671487,0.7929515418502203,0.0
1708437929.5770466,0.7929515418502203,0.0
1708437929.587058,0.7929515418502203,0.0
1708437929.5973527,0.7929515418502203,0.0
1708437929.6071374,0.7929515418502203,0.0
1708437929.617214,0.7929515418502203,0.0
1708437929.6270766,0.7929515418502203,0.0
1708437929.6370347,0.7929515418502203,0.0
1708437929.6473653,0.7929515418502203,0.0
1708437929.657187,0.7929515418502203,0.0
1708437929.667219,0.7929515418502203,0.0
1708437929.6772676,0.7929515418502203,0.0
1708437929.6870801,0.7929515418502203,0.0
1708437929.6971116,0.7929515418502203,0.0
1708437929.7070894,0.7929515418502203,0.0
1708437929.7172456,0.7929515418502203,0.0
1708437929.7291427,0.7929515418502203,0.0
1708437929.7380645,0.7929515418502203,0.0
1708437929.74745,0.7929515418502203,0.0
1708437929.7581167,0.7929515418502203,0.0
1708437929.7682226,0.7929515418502203,0.0
1708437929.77708,0.7929515418502203,0.0
1708437929.787012,0.7929515418502203,0.0
1708437929.7971966,0.7929515418502203,0.0
1708437929.8071716,0.7929515418502203,0.0
1708437929.8170397,0.7929515418502203,0.0
1708437929.8270574,0.7929515418502203,0.0
1708437929.837025,0.7929515418502203,0.0
1708437929.847085,0.7929515418502203,0.0
1708437929.8570797,0.7929515418502203,0.0
1708437929.8670661,0.7929515418502203,0.0
1708437929.8771598,0.7929515418502203,0.0
1708437929.8870528,0.7929515418502203,0.0
1708437929.8971188,0.7929515418502203,0.0
1708437929.9070625,0.7929515418502203,0.0
1708437929.9170651,0.7929515418502203,0.0
1708437929.9272265,0.7929515418502203,0.0
1708437929.9372122,0.7929515418502203,0.0
1708437929.9492083,0.7929515418502203,0.0
1708437929.9592426,0.7929515418502203,0.0
1708437929.9691348,0.7929515418502203,0.0
1708437929.9781985,0.7929515418502203,0.0
1708437929.9882028,0.7929515418502203,0.0
1708437929.9981616,0.7929515418502203,0.0
1708437930.0070987,0.7929515418502203,0.0
1708437930.0170286,0.7929515418502203,0.0
1708437930.0270598,0.7929515418502203,0.0
1708437930.0370185,0.7929515418502203,0.0
1708437930.0471575,0.7929515418502203,0.0
1708437930.057138,0.7929515418502203,0.0
1708437930.0671263,0.7929515418502203,0.0
1708437930.0772877,0.7929515418502203,0.0
1708437930.087088,0.7929515418502203,0.0
1708437930.0972238,0.7929515418502203,0.0
1708437930.1071987,0.7929515418502203,0.0
1708437930.1171482,0.7929515418502203,0.0
1708437930.1271703,0.7929515418502203,0.0
1708437930.1371262,0.7929515418502203,0.0
1708437930.1473553,0.7929515418502203,0.0
1708437930.157023,0.7929515418502203,0.0
1708437930.1671486,0.7929515418502203,0.0
1708437930.1770349,0.7929515418502203,0.0
1708437930.187189,0.7929515418502203,0.0
1708437930.1970687,0.7929515418502203,0.0
1708437930.2090435,0.7929515418502203,0.0
1708437930.2180839,0.7929515418502203,0.0
1708437930.2280781,0.7929515418502203,0.0
1708437930.2381644,0.7929515418502203,0.0
1708437930.247264,0.7929515418502203,0.0
1708437930.2570627,0.7929515418502203,0.0
1708437930.2670991,0.7929515418502203,0.0
1708437930.2772417,0.7929515418502203,0.0
1708437930.2870889,0.7929515418502203,0.0
1708437930.29728,0.7929515418502203,0.0
1708437930.3072214,0.7929515418502203,0.0
1708437930.3182042,0.7929515418502203,0.0
1708437930.3271804,0.7929515418502203,0.0
1708437930.3370364,0.7929515418502203,0.0
1708437930.3472536,0.7929515418502203,0.0
1708437930.3572252,0.7929515418502203,0.0
1708437930.36715,0.7929515418502203,0.0
1708437930.3770328,0.7929515418502203,0.0
1708437930.3870463,0.7929515418502203,0.0
1708437930.3971965,0.7929515418502203,0.0
1708437930.4072175,0.7929515418502203,0.0
1708437930.417202,0.7929515418502203,0.0
1708437930.4271636,0.7929515418502203,0.0
1708437930.437148,0.7929515418502203,0.0
1708437930.447258,0.7929515418502203,0.0
1708437930.4590538,0.7929515418502203,0.0
1708437930.468114,0.7929515418502203,0.0
1708437930.4781876,0.7929515418502203,0.0
1708437930.488095,0.7929515418502203,0.0
1708437930.4970007,0.7929515418502203,0.0
1708437930.5071132,0.7929515418502203,0.0
1708437930.5172877,0.7929515418502203,0.0
1708437930.5270793,0.7929515418502203,0.0
1708437930.5371668,0.7929515418502203,0.0
1708437930.5471902,0.7929515418502203,0.0
1708437930.5572624,0.7929515418502203,0.0
1708437930.567102,0.7929515418502203,0.0
1708437930.5772254,0.7929515418502203,0.0
1708437930.5871634,0.7929515418502203,0.0
1708437930.597411,0.7929515418502203,0.0
1708437930.6072235,0.7929515418502203,0.0
1708437930.6173155,0.7929515418502203,0.0
1708437930.627086,0.7929515418502203,0.0
1708437930.637037,0.7929515418502203,0.0
1708437930.6472294,0.7929515418502203,0.0
1708437930.6571085,0.7929515418502203,0.0
1708437930.6683693,0.7929515418502203,0.0
1708437930.677216,0.7929515418502203,0.0
1708437930.6890693,0.7929515418502203,0.0
1708437930.698106,0.7929515418502203,0.0
1708437930.7090456,0.7929515418502203,0.0
1708437930.7180822,0.7929515418502203,0.0
1708437930.7280765,0.7929515418502203,0.0
1708437930.738159,0.7929515418502203,0.0
1708437930.7472527,0.7929515418502203,0.0
1708437930.7571247,0.7929515418502203,0.0
1708437930.7672124,0.7929515418502203,0.0
1708437930.7772243,0.7929515418502203,0.0
1708437930.7872066,0.7929515418502203,0.0
1708437930.7972643,0.7929515418502203,0.0
1708437930.8072274,0.7929515418502203,0.0
1708437930.8172085,0.7929515418502203,0.0
1708437930.8271399,0.7929515418502203,0.0
1708437930.8372567,0.7929515418502203,0.0
1708437930.8474684,0.7929515418502203,0.0
1708437930.857229,0.7929515418502203,0.0
1708437930.8672135,0.7929515418502203,0.0
1708437930.8772113,0.7929515418502203,0.0
1708437930.8873098,0.7929515418502203,0.0
1708437930.897062,0.7929515418502203,0.0
1708437930.9072382,0.7929515418502203,0.0
1708437930.9186847,0.7929515418502203,0.0
1708437930.9280136,0.7929515418502203,0.0
1708437930.9371338,0.7929515418502203,0.0
1708437930.947218,0.7929515418502203,0.0
1708437930.9582062,0.7929515418502203,0.0
1708437930.9681654,0.7929515418502203,0.0
1708437930.9781687,0.7929515418502203,0.0
1708437930.9871166,0.7929515418502203,0.0
1708437930.998462,0.7929515418502203,0.0
1708437931.00723,0.7929515418502203,0.0
1708437931.0170689,0.7929515418502203,0.0
1708437931.027164,0.7929515418502203,0.0
1708437931.0370042,0.7929515418502203,0.0
1708437931.0471823,0.7929515418502203,0.0
1708437931.0570662,0.7929515418502203,0.0
1708437931.0670667,0.7929515418502203,0.0
1708437931.077153,0.7929515418502203,0.0
1708437931.087228,0.7929515418502203,0.0
1708437931.0970364,0.7929515418502203,0.0
1708437931.1072013,0.7929515418502203,0.0
1708437931.1170976,0.7929515418502203,0.0
1708437931.1270843,0.7929515418502203,0.0
1708437931.1370668,0.7929515418502203,0.0
1708437931.1470363,0.7929515418502203,0.0
1708437931.157164,0.7929515418502203,0.0
1708437931.167136,0.7929515418502203,0.0
1708437931.1771548,0.7929515418502203,0.0
1708437931.1870978,0.7929515418502203,0.0
1708437931.1970997,0.7929515418502203,0.0
1708437931.2090456,0.7929515418502203,0.0
1708437931.2190168,0.7929515418502203,0.0
1708437931.2280557,0.7929515418502203,0.0
1708437931.2370217,0.7929515418502203,0.0
1708437931.2481723,0.7929515418502203,0.0
1708437931.2570565,0.7929515418502203,0.0
1708437931.2670658,0.7929515418502203,0.0
1708437931.2771401,0.7929515418502203,0.0
1708437931.2871048,0.7929515418502203,0.0
1708437931.2970655,0.7929515418502203,0.0
1708437931.3071473,0.7929515418502203,0.0
1708437931.317064,0.7929515418502203,0.0
1708437931.3270557,0.7929515418502203,0.0
1708437931.3370206,0.7929515418502203,0.0
1708437931.3472285,0.7929515418502203,0.0
1708437931.357078,0.7929515418502203,0.0
1708437931.3670793,0.7929515418502203,0.0
1708437931.3770657,0.7929515418502203,0.0
1708437931.3871794,0.7929515418502203,0.0
1708437931.3970716,0.7929515418502203,0.0
1708437931.4071717,0.7929515418502203,0.0
1708437931.4181333,0.7929515418502203,0.0
1708437931.4270542,0.7929515418502203,0.0
1708437931.437095,0.7929515418502203,0.0
1708437931.4474103,0.7929515418502203,0.0
1708437931.4581165,0.7929515418502203,0.0
1708437931.4681842,0.7929515418502203,0.0
1708437931.4782445,0.7929515418502203,0.0
1708437931.4872649,0.7929515418502203,0.0
1708437931.497261,0.7929515418502203,0.0
1708437931.5072982,0.7929515418502203,0.0
1708437931.5171838,0.7929515418502203,0.0
1708437931.527184,0.7929515418502203,0.0
1708437931.5370412,0.7929515418502203,0.0
1708437931.547066,0.7929515418502203,0.0
1708437931.5572157,0.7929515418502203,0.0
1708437931.5671337,0.7929515418502203,0.0
1708437931.5770586,0.7929515418502203,0.0
1708437931.5871964,0.7929515418502203,0.0
1708437931.5970929,0.7929515418502203,0.0
1708437931.6072404,0.7929515418502203,0.0
1708437931.6171813,0.7929515418502203,0.0
1708437931.6271973,0.7929515418502203,0.0
1708437931.6371968,0.7929515418502203,0.0
1708437931.6472347,0.7929515418502203,0.0
1708437931.6593602,0.7929515418502203,0.0
1708437931.6702101,0.7929515418502203,0.0
1708437931.6802711,0.7929515418502203,0.0
1708437931.6902356,0.7929515418502203,0.0
1708437931.7002132,0.7929515418502203,0.0
1708437931.709207,0.7929515418502203,0.0
1708437931.7181633,0.7929515418502203,0.0
1708437931.7272024,0.7929515418502203,0.0
1708437931.737155,0.7929515418502203,0.0
1708437931.7472234,0.7929515418502203,0.0
1708437931.7572021,0.7929515418502203,0.0
1708437931.7670822,0.7929515418502203,0.0
1708437931.7772958,0.7929515418502203,0.0
1708437931.7871785,0.7929515418502203,0.0
1708437931.7971046,0.7929515418502203,0.0
1708437931.8072116,0.7929515418502203,0.0
1708437931.8172297,0.7929515418502203,0.0
1708437931.8270752,0.7929515418502203,0.0
1708437931.8370426,0.7929515418502203,0.0
1708437931.8477702,0.7929515418502203,0.0
1708437931.858205,0.7929515418502203,0.0
1708437931.8682714,0.7929515418502203,0.0
1708437931.8782282,0.7929515418502203,0.0
1708437931.8882573,0.7929515418502203,0.0
1708437931.8983128,0.7929515418502203,0.0
1708437931.908156,0.7929515418502203,0.0
1708437931.9171853,0.7929515418502203,0.0
1708437931.9271088,0.7929515418502203,0.0
1708437931.9370878,0.7929515418502203,0.0
1708437931.947086,0.7929515418502203,0.0
1708437931.9572618,0.7929515418502203,0.0
1708437931.9672382,0.7929515418502203,0.0
1708437931.9772427,0.7929515418502203,0.0
1708437931.987168,0.7929515418502203,0.0
1708437931.9972537,0.7929515418502203,0.0
1708437932.00721,0.7929515418502203,0.0
1708437932.017322,0.7929515418502203,0.0
1708437932.0272527,0.7929515418502203,0.0
1708437932.037167,0.7929515418502203,0.0
1708437932.0471585,0.7929515418502203,0.0
1708437932.057136,0.7929515418502203,0.0
1708437932.0673044,0.7929515418502203,0.0
1708437932.0772438,0.7929515418502203,0.0
1708437932.088264,0.7929515418502203,0.0
1708437932.0982144,0.7929515418502203,0.0
1708437932.1092117,0.7929515418502203,0.0
1708437932.1193535,0.7929515418502203,0.0
1708437932.128114,0.7929515418502203,0.0
1708437932.1381848,0.7929515418502203,0.0
1708437932.1471727,0.7929515418502203,0.0
1708437932.1570907,0.7929515418502203,0.0
1708437932.168061,0.7929515418502203,0.0
1708437932.1773827,0.7929515418502203,0.0
1708437932.1874046,0.7929515418502203,0.0
1708437932.1972094,0.7929515418502203,0.0
1708437932.2073894,0.7929515418502203,0.0
1708437932.2172196,0.7929515418502203,0.0
1708437932.2272694,0.7929515418502203,0.0
1708437932.2372034,0.7929515418502203,0.0
1708437932.247149,0.7929515418502203,0.0
1708437932.2582366,0.7929515418502203,0.0
1708437932.2671728,0.7929515418502203,0.0
1708437932.277331,0.7929515418502203,0.0
1708437932.2883947,0.7929515418502203,0.0
1708437932.2973666,0.7929515418502203,0.0
1708437932.307206,0.7929515418502203,0.0
1708437932.3193228,0.7929515418502203,0.0
1708437932.3301296,0.7929515418502203,0.0
1708437932.3391826,0.7929515418502203,0.0
1708437932.3480248,0.7929515418502203,0.0
1708437932.358102,0.7929515418502203,0.0
1708437932.3670454,0.7929515418502203,0.0
1708437932.3772187,0.7929515418502203,0.0
1708437932.3870907,0.7929515418502203,0.0
1708437932.3970134,0.7929515418502203,0.0
1708437932.4071577,0.7929515418502203,0.0
1708437932.4170544,0.7929515418502203,0.0
1708437932.4271183,0.7929515418502203,0.0
1708437932.4370952,0.7929515418502203,0.0
1708437932.447069,0.7929515418502203,0.0
1708437932.45706,0.7929515418502203,0.0
1708437932.4670339,0.7929515418502203,0.0
1708437932.4775286,0.7929515418502203,0.0
1708437932.4872,0.7929515418502203,0.0
1708437932.4971187,0.7929515418502203,0.0
1708437932.5071857,0.7929515418502203,0.0
1708437932.5170634,0.7929515418502203,0.0
1708437932.5270896,0.7929515418502203,0.0
1708437932.5381017,0.7929515418502203,0.0
1708437932.5471008,0.7929515418502203,0.0
1708437932.558227,0.7929515418502203,0.0
1708437932.5680623,0.7929515418502203,0.0
1708437932.5770614,0.7929515418502203,0.0
1708437932.5871594,0.7929515418502203,0.0
1708437932.5971708,0.7929515418502203,0.0
1708437932.6072307,0.7929515418502203,0.0
1708437932.6172147,0.7929515418502203,0.0
1708437932.6270862,0.7929515418502203,0.0
1708437932.6370702,0.7929515418502203,0.0
1708437932.64706,0.7929515418502203,0.0
1708437932.6570652,0.7929515418502203,0.0
1708437932.6670718,0.7929515418502203,0.0
1708437932.677089,0.7929515418502203,0.0
1708437932.6873035,0.7929515418502203,0.0
1708437932.6981719,0.7929515418502203,0.0
1708437932.7072635,0.7929515418502203,0.0
1708437932.7172434,0.7929515418502203,0.0
1708437932.7272787,0.7929515418502203,0.0
1708437932.7370167,0.7929515418502203,0.0
1708437932.7470386,0.7929515418502203,0.0
1708437932.7592204,0.7929515418502203,0.0
1708437932.769208,0.7929515418502203,0.0
1708437932.7782753,0.7929515418502203,0.0
1708437932.7881749,0.7929515418502203,0.0
1708437932.798171,0.7929515418502203,0.0
1708437932.8072293,0.7929515418502203,0.0
1708437932.8172503,0.7929515418502203,0.0
1708437932.8271976,0.7929515418502203,0.0
1708437932.8372126,0.7929515418502203,0.0
1708437932.847237,0.7929515418502203,0.0
1708437932.8572922,0.7929515418502203,0.0
1708437932.8671763,0.7929515418502203,0.0
1708437932.877235,0.7929515418502203,0.0
1708437932.8875408,0.7929515418502203,0.0
1708437932.8971996,0.7929515418502203,0.0
1708437932.9072022,0.7929515418502203,0.0
1708437932.9171793,0.7929515418502203,0.0
1708437932.927042,0.7929515418502203,0.0
1708437932.9372723,0.7929515418502203,0.0
1708437932.9470174,0.7929515418502203,0.0
1708437932.957072,0.7929515418502203,0.0
1708437932.967357,0.7929515418502203,0.0
1708437932.9792051,0.7929515418502203,0.0
1708437932.989073,0.7929515418502203,0.0
1708437932.998087,0.7929515418502203,0.0
1708437933.007244,0.7929515418502203,0.0
1708437933.018207,0.7929515418502203,0.0
1708437933.0271544,0.7929515418502203,0.0
1708437933.0371356,0.7929515418502203,0.0
1708437933.0471473,0.7929515418502203,0.0
1708437933.0572164,0.7929515418502203,0.0
1708437933.06722,0.7929515418502203,0.0
1708437933.0770972,0.7929515418502203,0.0
1708437933.0875196,0.7929515418502203,0.0
1708437933.0973186,0.7929515418502203,0.0
1708437933.1071732,0.7929515418502203,0.0
1708437933.1172328,0.7929515418502203,0.0
1708437933.1271627,0.7929515418502203,0.0
1708437933.1370037,0.7929515418502203,0.0
1708437933.147082,0.7929515418502203,0.0
1708437933.157176,0.7929515418502203,0.0
1708437933.1670992,0.7929515418502203,0.0
1708437933.1770632,0.7929515418502203,0.0
1708437933.1881099,0.7929515418502203,0.0
1708437933.1970875,0.7929515418502203,0.0
1708437933.208125,0.7929515418502203,0.0
1708437933.2190893,0.7929515418502203,0.0
1708437933.2280755,0.7929515418502203,0.0
1708437933.2370481,0.7929515418502203,0.0
1708437933.2471192,0.7929515418502203,0.0
1708437933.2571435,0.7929515418502203,0.0
1708437933.2670908,0.7929515418502203,0.0
1708437933.2770753,0.7929515418502203,0.0
1708437933.2871337,0.7929515418502203,0.0
1708437933.297051,0.7929515418502203,0.0
1708437933.3071563,0.7929515418502203,0.0
1708437933.3171344,0.7929515418502203,0.0
1708437933.327086,0.7929515418502203,0.0
1708437933.337078,0.7929515418502203,0.0
1708437933.3470805,0.7929515418502203,0.0
1708437933.3570664,0.7929515418502203,0.0
1708437933.367127,0.7929515418502203,0.0
1708437933.3771865,0.7929515418502203,0.0
1708437933.3882012,0.7929515418502203,0.0
1708437933.3970757,0.7929515418502203,0.0
1708437933.4071348,0.7929515418502203,0.0
1708437933.4190757,0.7929515418502203,0.0
1708437933.4282484,0.7929515418502203,0.0
1708437933.4372466,0.7929515418502203,0.0
1708437933.4471385,0.7929515418502203,0.0
1708437933.4581814,0.7929515418502203,0.0
1708437933.4682186,0.7929515418502203,0.0
1708437933.477126,0.7929515418502203,0.0
1708437933.487165,0.7929515418502203,0.0
1708437933.4971068,0.7929515418502203,0.0
1708437933.5071514,0.7929515418502203,0.0
1708437933.5170813,0.7929515418502203,0.0
1708437933.5270712,0.7929515418502203,0.0
1708437933.5370576,0.7929515418502203,0.0
1708437933.5470598,0.7929515418502203,0.0
1708437933.5571887,0.7929515418502203,0.0
1708437933.5670736,0.7929515418502203,0.0
1708437933.577,0.7929515418502203,0.0
1708437933.5871232,0.7929515418502203,0.0
1708437933.5970435,0.7929515418502203,0.0
1708437933.6072078,0.7929515418502203,0.0
1708437933.617219,0.7929515418502203,0.0
1708437933.628107,0.7929515418502203,0.0
1708437933.6370492,0.7929515418502203,0.0
1708437933.6471524,0.7929515418502203,0.0
1708437933.658283,0.7929515418502203,0.0
1708437933.6690865,0.7929515418502203,0.0
1708437933.6782064,0.7929515418502203,0.0
1708437933.689146,0.7929515418502203,0.0
1708437933.6981895,0.7929515418502203,0.0
1708437933.708144,0.7929515418502203,0.0
1708437933.7172277,0.7929515418502203,0.0
1708437933.7271607,0.7929515418502203,0.0
1708437933.737024,0.7929515418502203,0.0
1708437933.7470384,0.7929515418502203,0.0
1708437933.7570877,0.7929515418502203,0.0
1708437933.7670965,0.7929515418502203,0.0
1708437933.777107,0.7929515418502203,0.0
1708437933.7871046,0.7929515418502203,0.0
1708437933.7970374,0.7929515418502203,0.0
1708437933.8072355,0.7929515418502203,0.0
1708437933.8170755,0.7929515418502203,0.0
1708437933.8270745,0.7929515418502203,0.0
1708437933.8370674,0.7929515418502203,0.0
1708437933.8471005,0.7929515418502203,0.0
1708437933.8571017,0.7929515418502203,0.0
1708437933.867336,0.7929515418502203,0.0
1708437933.8771863,0.7929515418502203,0.0
1708437933.8872674,0.7929515418502203,0.0
1708437933.8982053,0.7929515418502203,0.0
1708437933.9072387,0.7929515418502203,0.0
1708437933.9173045,0.7929515418502203,0.0
1708437933.9280832,0.7929515418502203,0.0
1708437933.9382012,0.7929515418502203,0.0
1708437933.9471993,0.7929515418502203,0.0
1708437933.9582446,0.7929515418502203,0.0
1708437933.9681056,0.7929515418502203,0.0
1708437933.9770827,0.7929515418502203,0.0
1708437933.9871104,0.7929515418502203,0.0
1708437933.997089,0.7929515418502203,0.0
1708437934.007302,0.7929515418502203,0.0
1708437934.0170834,0.7929515418502203,0.0
1708437934.0270984,0.7929515418502203,0.0
1708437934.037073,0.7929515418502203,0.0
1708437934.0470304,0.7929515418502203,0.0
1708437934.0571148,0.7929515418502203,0.0
1708437934.0670674,0.7929515418502203,0.0
1708437934.077115,0.7929515418502203,0.0
1708437934.0871716,0.7929515418502203,0.0
1708437934.0972483,0.7929515418502203,0.0
1708437934.1071765,0.7929515418502203,0.0
1708437934.1170828,0.7929515418502203,0.0
1708437934.127257,0.7929515418502203,0.0
1708437934.1370459,0.7929515418502203,0.0
1708437934.1470978,0.7929515418502203,0.0
1708437934.1583376,0.7929515418502203,0.0
1708437934.169068,0.7929515418502203,0.0
1708437934.1791966,0.7929515418502203,0.0
1708437934.1891956,0.7929515418502203,0.0
1708437934.1980667,0.7929515418502203,0.0
1708437934.208216,0.7929515418502203,0.0
1708437934.2171774,0.7929515418502203,0.0
1708437934.2270696,0.7929515418502203,0.0
1708437934.237052,0.7929515418502203,0.0
1708437934.2470949,0.7929515418502203,0.0
1708437934.2572088,0.7929515418502203,0.0
1708437934.2672982,0.7929515418502203,0.0
1708437934.2771645,0.7929515418502203,0.0
1708437934.2872171,0.7929515418502203,0.0
1708437934.2971458,0.7929515418502203,0.0
1708437934.3072104,0.7929515418502203,0.0
1708437934.3171806,0.7929515418502203,0.0
1708437934.3270752,0.7929515418502203,0.0
1708437934.3370602,0.7929515418502203,0.0
1708437934.3470483,0.7929515418502203,0.0
1708437934.357106,0.7929515418502203,0.0
1708437934.367247,0.7929515418502203,0.0
1708437934.3770971,0.7929515418502203,0.0
1708437934.3871906,0.7929515418502203,0.0
1708437934.397089,0.7929515418502203,0.0
1708437934.407156,0.7929515418502203,0.0
1708437934.4182441,0.7929515418502203,0.0
1708437934.4270506,0.7929515418502203,0.0
1708437934.4380732,0.7929515418502203,0.0
1708437934.4471552,0.7929515418502203,0.0
1708437934.457265,0.7929515418502203,0.0
1708437934.4672346,0.7929515418502203,0.0
1708437934.4771807,0.7929515418502203,0.0
1708437934.4872434,0.7929515418502203,0.0
1708437934.4972289,0.7929515418502203,0.0
1708437934.5072198,0.7929515418502203,0.0
1708437934.517101,0.7929515418502203,0.0
1708437934.5271025,0.7929515418502203,0.0
1708437934.5370626,0.7929515418502203,0.0
1708437934.5470984,0.7929515418502203,0.0
1708437934.5570924,0.7929515418502203,0.0
1708437934.5671842,0.7929515418502203,0.0
1708437934.577169,0.7929515418502203,0.0
1708437934.5872953,0.7929515418502203,0.0
1708437934.5972276,0.7929515418502203,0.0
1708437934.608231,0.7929515418502203,0.0
1708437934.6183252,0.7929515418502203,0.0
1708437934.6280441,0.7929515418502203,0.0
1708437934.6381724,0.7929515418502203,0.0
1708437934.64718,0.7929515418502203,0.0
1708437934.6582267,0.7929515418502203,0.0
1708437934.667323,0.7929515418502203,0.0
1708437934.6771932,0.7929515418502203,0.0
1708437934.6873217,0.7929515418502203,0.0
1708437934.6971533,0.7929515418502203,0.0
1708437934.707323,0.7929515418502203,0.0
1708437934.7171056,0.7929515418502203,0.0
1708437934.7271864,0.7929515418502203,0.0
1708437934.7372053,0.7929515418502203,0.0
1708437934.7471757,0.7929515418502203,0.0
1708437934.7572265,0.7929515418502203,0.0
1708437934.7673175,0.7929515418502203,0.0
1708437934.7771695,0.7929515418502203,0.0
1708437934.7872415,0.7929515418502203,0.0
1708437934.7971218,0.7929515418502203,0.0
1708437934.8072693,0.7929515418502203,0.0
1708437934.8174016,0.7929515418502203,0.0
1708437934.8271296,0.7929515418502203,0.0
1708437934.8372552,0.7929515418502203,0.0
1708437934.8472192,0.7929515418502203,0.0
1708437934.8571668,0.7929515418502203,0.0
1708437934.8690925,0.7929515418502203,0.0
1708437934.8782325,0.7929515418502203,0.0
1708437934.8882768,0.7929515418502203,0.0
1708437934.8981276,0.7929515418502203,0.0
1708437934.9073725,0.7929515418502203,0.0
1708437934.9170997,0.7929515418502203,0.0
1708437934.927148,0.7929515418502203,0.0
1708437934.9372103,0.7929515418502203,0.0
1708437934.9471767,0.7929515418502203,0.0
1708437934.9571671,0.7929515418502203,0.0
1708437934.9671564,0.7929515418502203,0.0
1708437934.9772198,0.7929515418502203,0.0
1708437934.9874635,0.7929515418502203,0.0
1708437934.9971035,0.7929515418502203,0.0
1708437935.0071404,0.7929515418502203,0.0
1708437935.0171278,0.7929515418502203,0.0
1708437935.0270336,0.7929515418502203,0.0
1708437935.037096,0.7929515418502203,0.0
1708437935.0472434,0.7929515418502203,0.0
1708437935.057103,0.7929515418502203,0.0
1708437935.0671458,0.7929515418502203,0.0
1708437935.0770848,0.7929515418502203,0.0
1708437935.0871024,0.7929515418502203,0.0
1708437935.0991645,0.7929515418502203,0.0
1708437935.1083088,0.7929515418502203,0.0
1708437935.1181905,0.7929515418502203,0.0
1708437935.1280987,0.7929515418502203,0.0
1708437935.1371572,0.7929515418502203,0.0
1708437935.1470807,0.7929515418502203,0.0
1708437935.1571264,0.7929515418502203,0.0
1708437935.1671968,0.7929515418502203,0.0
1708437935.1770785,0.7929515418502203,0.0
1708437935.18704,0.7929515418502203,0.0
1708437935.1971083,0.7929515418502203,0.0
1708437935.2072515,0.7929515418502203,0.0
1708437935.217164,0.7929515418502203,0.0
1708437935.2270868,0.7929515418502203,0.0
1708437935.2372067,0.7929515418502203,0.0
1708437935.2470782,0.7929515418502203,0.0
1708437935.2571096,0.7929515418502203,0.0
1708437935.2671478,0.7929515418502203,0.0
1708437935.277088,0.7929515418502203,0.0
1708437935.2870893,0.7929515418502203,0.0
1708437935.297158,0.7929515418502203,0.0
1708437935.3073368,0.7929515418502203,0.0
1708437935.3170605,0.7929515418502203,0.0
1708437935.3280602,0.7929515418502203,0.0
1708437935.3370838,0.7929515418502203,0.0
1708437935.349205,0.7929515418502203,0.0
1708437935.3583014,0.7929515418502203,0.0
1708437935.3682275,0.7929515418502203,0.0
1708437935.3772075,0.7929515418502203,0.0
1708437935.3870957,0.7929515418502203,0.0
1708437935.3970625,0.7929515418502203,0.0
1708437935.4072685,0.7929515418502203,0.0
1708437935.417233,0.7929515418502203,0.0
1708437935.4272392,0.7929515418502203,0.0
1708437935.437148,0.7929515418502203,0.0
1708437935.4471126,0.7929515418502203,0.0
1708437935.4572594,0.7929515418502203,0.0
1708437935.4672978,0.7929515418502203,0.0
1708437935.4770806,0.7929515418502203,0.0
1708437935.4871757,0.7929515418502203,0.0
1708437935.4972823,0.7929515418502203,0.0
1708437935.5071955,0.7929515418502203,0.0
1708437935.5173533,0.7929515418502203,0.0
1708437935.5272884,0.7929515418502203,0.0
1708437935.5371711,0.7929515418502203,0.0
1708437935.5470622,0.7929515418502203,0.0
1708437935.5592835,0.7929515418502203,0.0
1708437935.5693066,0.7929515418502203,0.0
1708437935.5791852,0.7929515418502203,0.0
1708437935.5880513,0.7929515418502203,0.0
1708437935.5981374,0.7929515418502203,0.0
1708437935.6072562,0.7929515418502203,0.0
1708437935.6171656,0.7929515418502203,0.0
1708437935.6271021,0.7929515418502203,0.0
1708437935.637268,0.7929515418502203,0.0
1708437935.6471858,0.7929515418502203,0.0
1708437935.657129,0.7929515418502203,0.0
1708437935.6671512,0.7929515418502203,0.0
1708437935.6770756,0.7929515418502203,0.0
1708437935.6870732,0.7929515418502203,0.0
1708437935.697203,0.7929515418502203,0.0
1708437935.7071884,0.7929515418502203,0.0
1708437935.7171245,0.7929515418502203,0.0
1708437935.7271974,0.7929515418502203,0.0
1708437935.737078,0.7929515418502203,0.0
1708437935.7470722,0.7929515418502203,0.0
1708437935.7583265,0.7929515418502203,0.0
1708437935.7673483,0.7929515418502203,0.0
1708437935.7780888,0.7929515418502203,0.0
1708437935.787105,0.7929515418502203,0.0
1708437935.7972229,0.7929515418502203,0.0
1708437935.8081956,0.7929515418502203,0.0
1708437935.8171325,0.7929515418502203,0.0
1708437935.828214,0.7929515418502203,0.0
1708437935.8372414,0.7929515418502203,0.0
1708437935.8472064,0.7929515418502203,0.0
1708437935.8572757,0.7929515418502203,0.0
1708437935.867114,0.7929515418502203,0.0
1708437935.8770523,0.7929515418502203,0.0
1708437935.887112,0.7929515418502203,0.0
1708437935.8972442,0.7929515418502203,0.0
1708437935.907272,0.7929515418502203,0.0
1708437935.9182305,0.7929515418502203,0.0
1708437935.92731,0.7929515418502203,0.0
1708437935.9370475,0.7929515418502203,0.0
1708437935.9472914,0.7929515418502203,0.0
1708437935.9581838,0.7929515418502203,0.0
1708437935.967142,0.7929515418502203,0.0
1708437935.9770994,0.7929515418502203,0.0
1708437935.987075,0.7929515418502203,0.0
1708437935.9972534,0.7929515418502203,0.0
1708437936.007194,0.7929515418502203,0.0
1708437936.017166,0.7929515418502203,0.0
1708437936.0280516,0.7929515418502203,0.0
1708437936.0372415,0.7929515418502203,0.0
1708437936.0471694,0.7929515418502203,0.0
1708437936.058256,0.7929515418502203,0.0
1708437936.0684662,0.7929515418502203,0.0
1708437936.0792375,0.7929515418502203,0.0
1708437936.0882163,0.7929515418502203,0.0
1708437936.0972557,0.7929515418502203,0.0
1708437936.1083624,0.7929515418502203,0.0
1708437936.1173368,0.7929515418502203,0.0
1708437936.1271858,0.7929515418502203,0.0
1708437936.1372175,0.7929515418502203,0.0
1708437936.1502404,0.7929515418502203,0.0
1708437936.159289,0.7929515418502203,0.0
1708437936.168193,0.7929515418502203,0.0
1708437936.1770806,0.7929515418502203,0.0
1708437936.1870782,0.7929515418502203,0.0
1708437936.1971688,0.7929515418502203,0.0
1708437936.207223,0.7929515418502203,0.0
1708437936.2171066,0.7929515418502203,0.0
1708437936.2270644,0.7929515418502203,0.0
1708437936.2370832,0.7929515418502203,0.0
1708437936.24722,0.7929515418502203,0.0
1708437936.2573745,0.7929515418502203,0.0
1708437936.2672372,0.7929515418502203,0.0
1708437936.2772744,0.7929515418502203,0.0
1708437936.2872531,0.7929515418502203,0.0
1708437936.2973342,0.7929515418502203,0.0
1708437936.3082821,0.7929515418502203,0.0
1708437936.3191848,0.7929515418502203,0.0
1708437936.3293207,0.7929515418502203,0.0
1708437936.3402033,0.7929515418502203,0.0
1708437936.3492243,0.7929515418502203,0.0
1708437936.3582234,0.7929515418502203,0.0
1708437936.368088,0.7929515418502203,0.0
1708437936.3770938,0.7929515418502203,0.0
1708437936.3870656,0.7929515418502203,0.0
1708437936.3971798,0.7929515418502203,0.0
1708437936.407255,0.7929515418502203,0.0
1708437936.41711,0.7929515418502203,0.0
1708437936.4272358,0.7929515418502203,0.0
1708437936.437139,0.7929515418502203,0.0
1708437936.4471056,0.7929515418502203,0.0
1708437936.4573948,0.7929515418502203,0.0
1708437936.4672954,0.7929515418502203,0.0
1708437936.4772382,0.7929515418502203,0.0
1708437936.4871461,0.7929515418502203,0.0
1708437936.4972906,0.7929515418502203,0.0
1708437936.5076976,0.7929515418502203,0.0
1708437936.5183182,0.7929515418502203,0.0
1708437936.5272408,0.7929515418502203,0.0
1708437936.537183,0.7929515418502203,0.0
1708437936.5470567,0.7929515418502203,0.0
1708437936.5571694,0.7929515418502203,0.0
1708437936.5672276,0.7929515418502203,0.0
1708437936.578116,0.7929515418502203,0.0
1708437936.5871005,0.7929515418502203,0.0
1708437936.5961819,0.7929515418502203,0.0
1708437936.6082826,0.7929515418502203,0.0
1708437936.6172514,0.7929515418502203,0.0
1708437936.6271188,0.7929515418502203,0.0
1708437936.6372185,0.7929515418502203,0.0
1708437936.6472082,0.7929515418502203,0.0
1708437936.6570823,0.7929515418502203,0.0
1708437936.6671185,0.7929515418502203,0.0
1708437936.6770778,0.7929515418502203,0.0
1708437936.6871004,0.7929515418502203,0.0
1708437936.6971786,0.7929515418502203,0.0
1708437936.7071722,0.7929515418502203,0.0
1708437936.717217,0.7929515418502203,0.0
1708437936.7271724,0.7929515418502203,0.0
1708437936.7370775,0.7929515418502203,0.0
1708437936.7472112,0.7929515418502203,0.0
1708437936.7571003,0.7929515418502203,0.0
1708437936.767163,0.7929515418502203,0.0
1708437936.7770967,0.7929515418502203,0.0
1708437936.787163,0.7929515418502203,0.0
1708437936.7972846,0.7929515418502203,0.0
1708437936.8081305,0.7929515418502203,0.0
1708437936.818191,0.7929515418502203,0.0
1708437936.8282154,0.7929515418502203,0.0
1708437936.8372874,0.7929515418502203,0.0
1708437936.8484325,0.7929515418502203,0.0
1708437936.8582525,0.7929515418502203,0.0
1708437936.8671322,0.7929515418502203,0.0
1708437936.877185,0.7929515418502203,0.0
1708437936.8872073,0.7929515418502203,0.0
1708437936.8972588,0.7929515418502203,0.0
1708437936.9072127,0.7929515418502203,0.0
1708437936.917197,0.7929515418502203,0.0
1708437936.9272408,0.7929515418502203,0.0
1708437936.9372215,0.7929515418502203,0.0
1708437936.9472184,0.7929515418502203,0.0
1708437936.9570453,0.7929515418502203,0.0
1708437936.9681172,0.7929515418502203,0.0
1708437936.9773133,0.7929515418502203,0.0
1708437936.987126,0.7929515418502203,0.0
1708437936.9972458,0.7929515418502203,0.0
1708437937.0071902,0.7929515418502203,0.0
1708437937.0171335,0.7929515418502203,0.0
1708437937.0272632,0.7929515418502203,0.0
1708437937.0371137,0.7929515418502203,0.0
1708437937.0471067,0.7929515418502203,0.0
1708437937.0571034,0.7929515418502203,0.0
1708437937.0693831,0.7929515418502203,0.0
1708437937.0802703,0.7929515418502203,0.0
1708437937.0890884,0.7929515418502203,0.0
1708437937.097124,0.7929515418502203,0.0
1708437937.108215,0.7929515418502203,0.0
1708437937.1171858,0.7929515418502203,0.0
1708437937.1271856,0.7929515418502203,0.0
1708437937.1371384,0.7929515418502203,0.0
1708437937.1470666,0.7929515418502203,0.0
1708437937.1572425,0.7929515418502203,0.0
1708437937.1671553,0.7929515418502203,0.0
1708437937.1771805,0.7929515418502203,0.0
1708437937.1871178,0.7929515418502203,0.0
1708437937.1972198,0.7929515418502203,0.0
1708437937.2072365,0.7929515418502203,0.0
1708437937.2173142,0.7929515418502203,0.0
1708437937.2273262,0.7929515418502203,0.0
1708437937.2371156,0.7929515418502203,0.0
1708437937.247134,0.7929515418502203,0.0
1708437937.257119,0.7929515418502203,0.0
1708437937.2671921,0.7929515418502203,0.0
1708437937.2771032,0.7929515418502203,0.0
1708437937.2880924,0.7929515418502203,0.0
1708437937.2971008,0.7929515418502203,0.0
1708437937.3092892,0.7929515418502203,0.0
1708437937.3192048,0.7929515418502203,0.0
1708437937.3291938,0.7929515418502203,0.0
1708437937.3381627,0.7929515418502203,0.0
1708437937.3471408,0.7929515418502203,0.0
1708437937.3570824,0.7929515418502203,0.0
1708437937.3672435,0.7929515418502203,0.0
1708437937.377247,0.7929515418502203,0.0
1708437937.3870883,0.7929515418502203,0.0
1708437937.3972406,0.7929515418502203,0.0
1708437937.4073114,0.7929515418502203,0.0
1708437937.4172642,0.7929515418502203,0.0
1708437937.427101,0.7929515418502203,0.0
1708437937.4372475,0.7929515418502203,0.0
1708437937.4472015,0.7929515418502203,0.0
1708437937.457095,0.7929515418502203,0.0
1708437937.467349,0.7929515418502203,0.0
1708437937.4771183,0.7929515418502203,0.0
1708437937.4871504,0.7929515418502203,0.0
1708437937.4972196,0.7929515418502203,0.0
1708437937.5074165,0.7929515418502203,0.0
1708437937.5171607,0.7929515418502203,0.0
1708437937.5271394,0.7929515418502203,0.0
1708437937.5372298,0.7929515418502203,0.0
1708437937.5471218,0.7929515418502203,0.0
1708437937.5572422,0.7929515418502203,0.0
1708437937.5683496,0.7929515418502203,0.0
1708437937.579326,0.7929515418502203,0.0
1708437937.589154,0.7929515418502203,0.0
1708437937.598132,0.7929515418502203,0.0
1708437937.6083016,0.7929515418502203,0.0
1708437937.6171992,0.7929515418502203,0.0
1708437937.627328,0.7929515418502203,0.0
1708437937.6372313,0.7929515418502203,0.0
1708437937.6471992,0.7929515418502203,0.0
1708437937.6570997,0.7929515418502203,0.0
1708437937.667272,0.7929515418502203,0.0
1708437937.6772654,0.7929515418502203,0.0
1708437937.6872547,0.7929515418502203,0.0
1708437937.6971183,0.7929515418502203,0.0
1708437937.7071972,0.7929515418502203,0.0
1708437937.717444,0.7929515418502203,0.0
1708437937.7272234,0.7929515418502203,0.0
1708437937.7371416,0.7929515418502203,0.0
1708437937.7471237,0.7929515418502203,0.0
1708437937.757247,0.7929515418502203,0.0
1708437937.767343,0.7929515418502203,0.0
1708437937.7782571,0.7929515418502203,0.0
1708437937.7873018,0.7929515418502203,0.0
1708437937.7981374,0.7929515418502203,0.0
1708437937.8071475,0.7929515418502203,0.0
1708437937.8171937,0.7929515418502203,0.0
1708437937.8271203,0.7929515418502203,0.0
1708437937.8371563,0.7929515418502203,0.0
1708437937.8472054,0.7929515418502203,0.0
1708437937.8570795,0.7929515418502203,0.0
1708437937.8672724,0.7929515418502203,0.0
1708437937.8771353,0.7929515418502203,0.0
1708437937.8872786,0.7929515418502203,0.0
1708437937.8970735,0.7929515418502203,0.0
1708437937.907306,0.7929515418502203,0.0
1708437937.9171307,0.7929515418502203,0.0
1708437937.9272833,0.7929515418502203,0.0
1708437937.9372818,0.7929515418502203,0.0
1708437937.9470844,0.7929515418502203,0.0
1708437937.9570854,0.7929515418502203,0.0
1708437937.967329,0.7929515418502203,0.0
1708437937.9773145,0.7929515418502203,0.0
1708437937.9871788,0.7929515418502203,0.0
1708437937.9970875,0.7929515418502203,0.0
1708437938.0072153,0.7929515418502203,0.0
1708437938.0173109,0.7929515418502203,0.0
1708437938.0271719,0.7929515418502203,0.0
1708437938.03729,0.7929515418502203,0.0
1708437938.047107,0.7929515418502203,0.0
1708437938.0572543,0.7929515418502203,0.0
1708437938.0672622,0.7929515418502203,0.0
1708437938.078507,0.7929515418502203,0.0
1708437938.0891082,0.7929515418502203,0.0
1708437938.0991406,0.7929515418502203,0.0
1708437938.1082046,0.7929515418502203,0.0
1708437938.118192,0.7929515418502203,0.0
1708437938.127283,0.7929515418502203,0.0
1708437938.1372125,0.7929515418502203,0.0
1708437938.1471543,0.7929515418502203,0.0
1708437938.157203,0.7929515418502203,0.0
1708437938.167202,0.7929515418502203,0.0
1708437938.177255,0.7929515418502203,0.0
1708437938.1872084,0.7929515418502203,0.0
1708437938.1971912,0.7929515418502203,0.0
1708437938.2082229,0.7929515418502203,0.0
1708437938.2172642,0.7929515418502203,0.0
1708437938.2271254,0.7929515418502203,0.0
1708437938.2372832,0.7929515418502203,0.0
1708437938.2473042,0.7929515418502203,0.0
