time,x,y,z
0.0,0.47359198867411334,-0.14935849474477864,0.5938132180718909
0.0,0.4736013006775657,-0.14933768557961338,0.5938083296730566
0.0,0.47360999744343174,-0.14932157175468522,0.5938072863866408
0.0,0.4736198935533705,-0.1493019554782087,0.5938066466285913
0.0,0.4736281031287709,-0.14928096878634545,0.5938034884345171
0.0,0.4736387938938901,-0.14926329283986267,0.5938057095010624
0.0,0.4736469686803025,-0.14924480945206864,0.593807542065726
0.0,0.47365428922949937,-0.14922801590913948,0.5938096246897
0.0,0.47366203358035885,-0.149207234194917,0.5938132179366798
0.0,0.4736697708107028,-0.14919000189803017,0.5938148618447036
0.0,0.473674779348238,-0.14917387601710227,0.5938211950504253
0.0,0.47368307666921144,-0.14915041439538965,0.5938252764499649
0.0,0.4736902488557833,-0.14913364005877575,0.5938335706715803
0.0,0.47369830848464434,-0.14910933311638896,0.593838772507473
0.0,0.47370482937135316,-0.14909026809728976,0.5938442778784663
0.0,0.4737116283205266,-0.14907101602123649,0.5938543628238215
0.0,0.4737169062745113,-0.14905408439751078,0.5938607979407053
0.0,0.47372543134484135,-0.14903223158101286,0.5938697032951966
0.0,0.4737325688549688,-0.14901561147407083,0.5938780670773707
0.0,0.47373967833884245,-0.14899642259816218,0.5938826357047307
0.0,0.4737475695264149,-0.1489755692194985,0.5938985818484604
0.0,0.4737546782300157,-0.14895868285361658,0.5939012908699876
0.0,0.4737623302132117,-0.14893787382479529,0.5939178511880211
0.0,0.4737755642926077,-0.14889984727137176,0.5939401784152253
0.0,0.4737811948326863,-0.14887688030915502,0.5939552017365527
0.0,0.47378883151053786,-0.14885559039472113,0.5939660261376727
0.0,0.4737941246742814,-0.14883564379383485,0.5939802667023929
0.0,0.473801333057609,-0.14881276879300212,0.5939988641703097
0.0,0.4738049503633761,-0.14879706730969192,0.5940133187431929
0.0,0.473810466514673,-0.14877557304141972,0.5940281340703584
0.0,0.47381512961274613,-0.14875776036463703,0.5940424669205404
0.0,0.4738239680056773,-0.1487356375798961,0.5940574559544866
0.0,0.4738309538937666,-0.14871509319078435,0.5940749748961132
0.0,0.473836874299714,-0.14869707936703272,0.5940929484245943
0.0,0.47384311324030104,-0.1486764950056036,0.5941054829348449
0.0,0.4738491562307777,-0.14865947780106392,0.5941287900733383
0.0,0.473855857460142,-0.1486358794741477,0.5941425988711136
0.0,0.4738592671582083,-0.14861628834526042,0.5941660497217219
0.0,0.4738643970565909,-0.14859725755880301,0.5941860572734707
0.0,0.47387020132014773,-0.1485773831336653,0.5942112703516631
0.0,0.4738746353463822,-0.1485588888452831,0.5942322635324332
0.0,0.4738802109088587,-0.14853495486228802,0.5942542758333886
0.0,0.4738840168390492,-0.1485146533359863,0.5942769566646893
0.0,0.4738883590805304,-0.14849512350610322,0.5943046797480014
0.0,0.47389327582742224,-0.14847395365254007,0.5943259366054495
0.0,0.47389929137015313,-0.1484543785359267,0.5943507824208137
0.0,0.47390427237340554,-0.14843263897735798,0.5943784502828452
0.0,0.4739092309955944,-0.1484146269190685,0.5944042119358237
0.0,0.47391428511340833,-0.14839452327940955,0.5944309490212916
0.0,0.4739181348151321,-0.1483762551547606,0.594458386190574
0.0,0.4739227221229553,-0.14835890238224542,0.5944903458589664
0.0,0.47392654979568705,-0.1483392042717288,0.5945190622617232
0.0,0.4739291592161812,-0.1483205561615883,0.5945490188091699
0.0,0.4739332508632176,-0.1482982260627571,0.5945787397595467
0.0,0.4739365534692356,-0.14828071095164364,0.5946132729761957
0.0,0.47393799292108546,-0.14825986240544156,0.5946469826297142
0.0,0.4739411998691546,-0.14824044318105384,0.5946820758538952
0.0,0.4739441882370941,-0.14822297838273565,0.5947170625703238
0.0,0.47394760034936934,-0.14819852104439166,0.5947547291264306
0.0,0.47395017644713505,-0.14818061963525692,0.5947907316846975
0.0,0.473952431315045,-0.14816174238489987,0.5948274948732127
0.0,0.4739553121294532,-0.14814200378023895,0.5948640423535589
0.0,0.473958899672526,-0.14812412914607304,0.5948978137104214
0.0,0.4739605259679238,-0.14810483915706915,0.5949363301436094
0.0,0.47396390316782866,-0.1480865756336789,0.5949824210467944
0.0,0.4739649858615458,-0.14806614004034244,0.5950221516288674
0.0,0.4739668390157593,-0.14804734159755395,0.5950658907732134
0.0,0.4739672700815427,-0.14803022314024789,0.5951108080377646
0.0,0.4739680165186611,-0.14800937432303662,0.595157148340776
0.0,0.4739670812748472,-0.1479927900674216,0.5951984247632182
0.0,0.47396885468677663,-0.14797513322756742,0.5952469839108445
0.0,0.47397030132865053,-0.14795385081812412,0.5952925182332549
0.0,0.47397143757275634,-0.14793650130586675,0.5953421048172328
0.0,0.47397143614385256,-0.1479172375640397,0.5953890627364463
0.0,0.4739727880199076,-0.14789831547747034,0.5954392643876693
0.0,0.47397334601031793,-0.1478802038429876,0.5954904321046384
0.0,0.4739723681479963,-0.14786426391860966,0.5955376858520333
0.0,0.4739720708116864,-0.14784434458866139,0.5955912899471422
0.0,0.4739718895735908,-0.14782590018456246,0.5956439113525618
0.0,0.4739708653307644,-0.14780745374097418,0.595698077813938
0.0,0.47396814991599945,-0.14778907230016713,0.5957551421232945
0.0,0.4739668901575491,-0.1477715622894949,0.5958095472889818
0.0,0.47396555339150165,-0.14775399268571743,0.5958636083795756
0.0,0.47396518021576883,-0.1477329535296015,0.5959241495668659
0.0,0.4739620880361877,-0.1477164338055958,0.5959805859072049
0.0,0.4739591636548684,-0.14769914943602397,0.5960435860897073
0.0,0.4739569334952425,-0.14768225991664208,0.5960929467511686
0.0,0.47395527747737,-0.14766261534220587,0.5961549926146887
0.0,0.4739541680177257,-0.14764442391991406,0.5962147198955322
0.0,0.47394814841196786,-0.14762866070820874,0.5962764381313601
0.0,0.473947779009367,-0.14760831436729138,0.5963364804593614
0.0,0.47394470568330205,-0.1475922723188311,0.5963990302435888
0.0,0.4739406395937842,-0.14757674048539166,0.5964630299143563
0.0,0.47393681710971497,-0.14756033335799368,0.5965270307487852
0.0,0.4739319550507231,-0.1475417404280384,0.5965937775989197
0.0,0.4739264702058416,-0.1475261258980881,0.5966601859249985
0.0,0.4739209630648872,-0.1475080416137453,0.5967282394522445
0.0,0.473915943676574,-0.1474882494963344,0.5967962149835201
0.0,0.4739103503332011,-0.14747201573244859,0.5968631448250626
0.0,0.4739033944388446,-0.14745706660846086,0.5969378840912251
0.0,0.47389716604503374,-0.1474410841343392,0.5970058446814642
0.0,0.47389106026350614,-0.14742292785462258,0.597074883644516
0.0,0.4738841653701413,-0.14740578512909516,0.5971505717898838
0.0,0.47387828730162873,-0.14738933006039162,0.5972178150716985
0.0,0.4738706047418322,-0.14737282077666872,0.5972944504855059
0.0,0.4738643808691267,-0.14735781226619832,0.5973676115515179
0.0,0.4738561946732536,-0.14734167352213207,0.5974390512811536
0.0,0.47384936284743867,-0.14732582496412747,0.5975136589410489
0.0,0.4738401716025743,-0.1473096125343985,0.5975928100033142
0.0,0.47383334766243673,-0.1472916322402565,0.5976681473061676
0.0,0.47382450279503785,-0.14727214657785745,0.5977426111264598
0.0,0.473814787622218,-0.14725926491056587,0.5978207069413213
0.0,0.47380456664925413,-0.14724506971668705,0.5979000853821378
0.0,0.4737938864904936,-0.14723074866765007,0.5979806927031276
0.0,0.4737843287374953,-0.14721484752230812,0.5980660816197998
0.0,0.47377504324910147,-0.14719953365964847,0.5981447298895931
0.0,0.473766179841683,-0.14718432434023412,0.5982221111272985
0.0,0.47375557167263327,-0.14716863959700557,0.5983032104006645
0.0,0.4737474216109204,-0.1471539596081935,0.598384734098405
0.0,0.47373738995771125,-0.14714019995820105,0.5984696126534786
0.0,0.4737253327246275,-0.14712551802417284,0.5985526969776918
0.0,0.4737165526683654,-0.14710821002188246,0.5986367205627998
0.0,0.47370364706567203,-0.1470943349820334,0.5987207819645584
0.0,0.47369277375164337,-0.14707851988384277,0.598808015967088
0.0,0.4736800554025363,-0.1470665238021619,0.5988959311092209
0.0,0.4736681430671833,-0.1470513293892134,0.5989847152348872
0.0,0.4736566390747948,-0.1470375318555883,0.599077541935125
0.0,0.4736452135874091,-0.1470212248275548,0.599165514275496
0.0,0.4736328318636105,-0.14701083937551335,0.5992521803910756
0.0,0.47362121264044044,-0.14699326089478879,0.5993411733273182
0.0,0.4736062984352381,-0.14697848808940905,0.5994349413452272
0.0,0.47359327768217424,-0.14696632030318477,0.5995289744968705
0.0,0.4735799889527645,-0.14695207457103227,0.5996133025468606
0.0,0.4735642255620549,-0.14694183597147098,0.5997117103418146
0.0,0.4735515997858137,-0.1469248903047303,0.5998135728907729
0.0,0.4735371875079437,-0.14691253427574907,0.5999047099250938
0.0,0.47352318111619107,-0.14690064385630042,0.6000003044911355
0.0,0.47350767137318517,-0.14688537709530824,0.6001003858482983
0.0,0.47348862266729813,-0.14687521258279815,0.6001984332702684
0.0,0.4734701517087251,-0.1468612096340484,0.6003029206201183
0.0,0.47345266192967633,-0.14684973672387694,0.6004048016240181
0.0,0.4734336208244307,-0.14683555965990192,0.6005046311955469
0.0,0.4734144555551827,-0.14682086602373434,0.6006106013908896
0.0,0.47339687612096043,-0.1468082284865106,0.600712630018504
0.0,0.4733796702830033,-0.1467972457784604,0.6008189265888739
0.0,0.47336145418492065,-0.14678471733367984,0.6009219383368444
0.0,0.4733430851674904,-0.14677439811727327,0.6010295017413952
0.0,0.47332525958214255,-0.14676316585931515,0.6011309971310231
0.0,0.4733043876966914,-0.14675448682932124,0.601242060846347
0.0,0.4732862793877843,-0.14674227087541283,0.6013502048364815
0.0,0.47326793413269147,-0.14672788734934158,0.6014541459740799
0.0,0.47324665120227427,-0.14672062995251578,0.6015655457396403
0.0,0.47322841136336574,-0.14670857022857248,0.6016737017185769
0.0,0.47321026649836173,-0.1466981488007231,0.6017866062253181
0.0,0.47319045527719494,-0.14668551928344412,0.6018976455576068
0.0,0.47317029879431793,-0.1466757786149089,0.6020077370809541
0.0,0.4731504784501093,-0.1466639879752913,0.6021184095057681
0.0,0.47312940557822586,-0.14665370549679924,0.6022364138220879
0.0,0.4731088950734081,-0.1466458145428431,0.6023516514726214
0.0,0.4730906059532283,-0.14663361154450494,0.6024657084549875
0.0,0.4730704391441518,-0.1466253880151287,0.6025805242735477
0.0,0.4730513532930036,-0.14661259926378284,0.6026958420912543
0.0,0.4730281875609254,-0.14660788206323833,0.6028201316549684
0.0,0.47300853098549966,-0.14659514999433698,0.6029310068308159
0.0,0.4729841439845603,-0.146588625417037,0.6030525447934661
0.0,0.4729624677650687,-0.14657659347134852,0.6031774701135283
0.0,0.47294058920599225,-0.146569017811104,0.6032950409734922
0.0,0.4729188290007675,-0.14656168204276715,0.6034118340208421
0.0,0.47289652798060566,-0.14654958018500894,0.6035378527650745
0.0,0.47287368061907054,-0.14653565252472073,0.6036603606046912
0.0,0.4728491609636814,-0.14652888710003048,0.6037818554191241
0.0,0.47282468977596875,-0.14651914647838776,0.6039105943653237
0.0,0.47280069752739146,-0.14651104066669784,0.6040369630113087
0.0,0.47277770864521806,-0.14649991477769408,0.6041636739729875
0.0,0.47275306281092433,-0.1464937193145811,0.6042843273333629
0.0,0.4727290547995851,-0.14648369289355734,0.6044062349988829
0.0,0.4727053602736738,-0.14647616290271287,0.6045317371156655
0.0,0.47267953313053396,-0.14646813412387072,0.6046669715010913
0.0,0.47260603906414933,-0.14644568562708193,0.6050409530776311
0.0,0.47258135587536404,-0.1464351594419711,0.6051693155947707
0.0,0.4725544553457556,-0.14642825769838103,0.6053056464282023
0.0,0.4725288248306658,-0.14642037147962708,0.6054337193951442
0.0,0.47250427672229156,-0.146408993957876,0.6055620139502457
0.0,0.4724775176822944,-0.1464017226009786,0.6056915543519937
0.0,0.47245117124508723,-0.14639587732030068,0.6058255053371873
0.0,0.4724275897226029,-0.14638934560328762,0.6059550709308471
0.0,0.4724027016482321,-0.1463815030022093,0.6060819717731778
0.0,0.4723754912035248,-0.14637360429775664,0.6062184854081414
0.0,0.4723512506081291,-0.14636700300261007,0.6063432772519233
0.0,0.47232520390168636,-0.14636146492722502,0.6064762501866537
0.0,0.4723007133694713,-0.14635254848255477,0.6066139639418637
0.0,0.4722713462622299,-0.14634935228677898,0.6067457598079737
0.0,0.4722453265651324,-0.14633946229714373,0.6068863916317014
0.0,0.4722164585132784,-0.14633506258320084,0.6070289919090531
0.0,0.4721868038711643,-0.14632665964916247,0.6071694309563108
0.0,0.4721571404547371,-0.1463179932799321,0.607315490848133
0.0,0.472126269873099,-0.14631109223466593,0.6074565217541283
0.0,0.47209587557720073,-0.14630656525672622,0.6075959400566922
0.0,0.4720639466818338,-0.14629553307945836,0.6077469830224562
0.0,0.4720318965108343,-0.14628768612323423,0.6078908913115344
0.0,0.4719994308930898,-0.14628190594484183,0.6080400251019987
0.0,0.4719670974170941,-0.14627664736911272,0.6081888855171244
0.0,0.4719377592670163,-0.14627148257375938,0.6083377822870499
0.0,0.4719050674349722,-0.14626324016935457,0.6084826452472476
0.0,0.47187301783316976,-0.14625611584864856,0.6086368621337778
0.0,0.4718396718085137,-0.14625235000185252,0.6087918719435459
0.0,0.47180642266889755,-0.146246176041617,0.608941916303733
0.0,0.4717726829412548,-0.14624074961200034,0.6090926641980484
0.0,0.4717398775283903,-0.1462326491314882,0.6092483675912873
0.0,0.47170633386056215,-0.14622954608793923,0.6094025959396705
0.0,0.47166966792098564,-0.1462223741254102,0.6095642440209911
0.0,0.47163504274905743,-0.14621687186032717,0.6097214329214914
0.0,0.47160069222464496,-0.14620932524309743,0.6098791078572551
0.0,0.4715676276003963,-0.14620217644321196,0.6100343559652448
0.0,0.47153207058205515,-0.14619729550025506,0.6101925247154486
0.0,0.4714975678268155,-0.1461908624327649,0.6103499695820457
0.0,0.4714616233518597,-0.14618754561611683,0.6105133272637375
0.0,0.4714281883080252,-0.1461809811169744,0.6106746393899726
0.0,0.4713928032029121,-0.1461794043780942,0.6108360972049238
0.0,0.4713585360543676,-0.1461719816433002,0.6109984401553126
0.0,0.47132374570507973,-0.14616619063447375,0.6111609093862509
0.0,0.4712866473301942,-0.1461600067699768,0.6113271990814817
0.0,0.4712524715811548,-0.14615742497971357,0.6114926428781499
0.0,0.47121591368594845,-0.14615195115089905,0.6116574400750512
0.0,0.4711799152456669,-0.14614545149444974,0.6118217930290357
0.0,0.4711413255824642,-0.14614340211803856,0.6119880898862006
0.0,0.4711035957050832,-0.14613554241190826,0.612155906294662
0.0,0.4710642176550643,-0.14613100821157246,0.6123247544851349
0.0,0.4710260057966603,-0.1461276906326574,0.6124962031645632
0.0,0.47098753894441087,-0.14612091659928333,0.6126647806557819
0.0,0.4709494028178093,-0.14611831734014488,0.6128300773372357
0.0,0.4709092831579895,-0.14611268396798213,0.6130005965087986
0.0,0.47087086604251577,-0.1461083670712509,0.6131726088288828
0.0,0.4708326545071172,-0.14610317772266537,0.613344588142059
0.0,0.47079201855447267,-0.14609957497107287,0.6135146531617862
0.0,0.47075098469747256,-0.1460942078325385,0.6136861632276124
0.0,0.4707089376553677,-0.14608879260377233,0.6138588177841502
0.0,0.47066779525965974,-0.14608530106575646,0.6140293780930585
0.0,0.4706272689316554,-0.14608052900488142,0.6141993991551438
0.0,0.4705838137369901,-0.14607613129446861,0.6143796122077233
0.0,0.47054172450200027,-0.14606828704889574,0.6145535200227151
0.0,0.4704986089665331,-0.1460615780442931,0.6147282307733763
0.0,0.470454040609223,-0.14605956917149843,0.6149031542388946
0.0,0.4704112134996363,-0.1460559877962007,0.6150812946087888
0.0,0.47036620564974163,-0.1460510690886383,0.6152581604641586
0.0,0.4703221661202931,-0.1460457654221878,0.6154336559909906
0.0,0.47027855630963905,-0.14603788924707917,0.6156096183474552
0.0,0.47023225020416365,-0.14603750797265702,0.6157859496972199
0.0,0.4701897635401969,-0.1460323447085292,0.6159694151878848
0.0,0.47014399450364147,-0.14602685953071373,0.6161472496662515
0.0,0.47009859006907606,-0.14602533720357014,0.6163278440333849
0.0,0.4700546150223994,-0.14601991180611082,0.6165079890736818
0.0,0.4700079382845591,-0.1460147996171103,0.6166867775334868
0.0,0.4699599566326589,-0.14601222818725323,0.6168717830686535
0.0,0.4699125545666196,-0.14600857540653742,0.6170562895471875
0.0,0.4698673589308755,-0.1459989255751907,0.6172346256287853
0.0,0.4698193891541836,-0.14599759701890977,0.6174186589120074
0.0,0.4697721766907155,-0.14599166565191013,0.6176037086539514
0.0,0.4697247583714793,-0.1459874682963003,0.617793388051383
0.0,0.4696777237803373,-0.1459867783198373,0.6179807593690713
0.0,0.4696305861071577,-0.14598176438607005,0.6181647342948675
0.0,0.4695821862348605,-0.14597622708677155,0.618356446860376
0.0,0.46953079113477847,-0.14597297905535814,0.6185463899630168
0.0,0.4694818447117596,-0.14597155890916175,0.6187365936581014
0.0,0.4694317670187937,-0.14597070638217838,0.6189282623202211
0.0,0.4693820658747878,-0.14596639343397014,0.619120910402193
0.0,0.4693332344435601,-0.14595937406594467,0.6193188117920064
0.0,0.4692840004295818,-0.14595890379588092,0.619508521886285
0.0,0.4692343841469996,-0.1459565317317878,0.6196997557238532
0.0,0.4691833900545893,-0.14595277993193137,0.6198990456678714
0.0,0.4691329413075884,-0.14595159789605772,0.6200907585242237
0.0,0.46907945485185587,-0.14595061846890317,0.620292579345683
0.0,0.4690290644455518,-0.1459483237437996,0.6204902900968364
0.0,0.46897464928044214,-0.14594645929144423,0.6206883327618632
0.0,0.4689216323178249,-0.14594496532498608,0.6208842192156876
0.0,0.46886576744620123,-0.14594267961701113,0.6210898855554317
0.0,0.46881278547388017,-0.1459417823434805,0.6212904897491267
0.0,0.4687560053564832,-0.14594097505660025,0.6214966801180589
0.0,0.4687005330384163,-0.1459375641998113,0.621701905611457
0.0,0.4686432615980089,-0.14593972777233927,0.6219071406085841
0.0,0.4685876678922425,-0.14593543790670957,0.6221132102357333
0.0,0.46852961319532743,-0.14593464593544392,0.6223208601893843
0.0,0.46847180721159387,-0.14593508993929652,0.6225329971288732
0.0,0.4684133772311879,-0.1459331240024075,0.622741879823322
0.0,0.46835583349106413,-0.14593308288914264,0.622953475858921
0.0,0.46829460665318073,-0.14593459317299434,0.6231647677362709
0.0,0.4682358434154922,-0.1459317719188169,0.6233740977113315
0.0,0.468176347159859,-0.14592926530191982,0.6235896148372433
0.0,0.46811442774418627,-0.14593132718041305,0.6238016645259032
0.0,0.4680541099426034,-0.14592978489041716,0.6240176164900025
0.0,0.4679908933086317,-0.14593146218762587,0.6242315753382256
0.0,0.4679301963625607,-0.14593291266424946,0.6244471597418707
0.0,0.4678678708291288,-0.14593397451497964,0.6246595933577899
0.0,0.4678045161049167,-0.1459332653474547,0.6248747796534692
0.0,0.4677411817807615,-0.14593413686339568,0.6250938855371267
0.0,0.4676776640742113,-0.14593631175634675,0.625307607903124
0.0,0.46761158890277604,-0.1459363677038236,0.6255259215668076
0.0,0.4675459338079353,-0.1459378923316399,0.6257430384766317
0.0,0.4674812215183315,-0.145937796989203,0.6259588989391786
0.0,0.46741674846254555,-0.14593961051918145,0.6261784105539252
0.0,0.467352019164101,-0.14594006130408593,0.6263939679919348
0.0,0.4672848150454924,-0.14594196993439934,0.6266121228955909
0.0,0.46722175442560687,-0.1459432906058965,0.6268292264432269
0.0,0.4671532260522936,-0.14594512814476326,0.6270548445350524
0.0,0.46708397801151724,-0.14594669535430488,0.6272759706992563
0.0,0.4670150364942585,-0.14595215884160778,0.6274949401224368
0.0,0.4669466496546776,-0.14595545845205274,0.6277138310495501
0.0,0.46688079362371293,-0.14595728232579858,0.6279345467102081
0.0,0.4668130407749838,-0.14595692470211635,0.6281591306142023
0.0,0.46674545684342894,-0.14596052214653352,0.6283708569134592
0.0,0.4666783050696119,-0.14596655749998277,0.6285962704982736
0.0,0.466608383710134,-0.14596791758723598,0.6288172675029581
0.0,0.4665410975245444,-0.14597448221015302,0.6290316193656004
0.0,0.4664703291820038,-0.14597796053508602,0.6292579680299072
0.0,0.4663984394155216,-0.14598274308038922,0.6294800892208312
0.0,0.4663276213417838,-0.14598789740055118,0.6297005668600992
0.0,0.46625632604043,-0.14599033023910374,0.6299177684066478
0.0,0.4661862310343157,-0.14599653154545364,0.6301414778444275
0.0,0.4661162201569491,-0.1459999486507878,0.6303606864636303
0.0,0.46604648051232067,-0.14600517826250836,0.6305837968791898
0.0,0.46597658510135886,-0.1460134975201149,0.6308000320297389
0.0,0.4659063183808055,-0.1460177820150011,0.6310241281855662
0.0,0.46583528753324455,-0.14602489333878585,0.6312473828327362
0.0,0.4657617934919933,-0.14603093190125463,0.6314701619323696
0.0,0.4656888566926256,-0.14603578600034914,0.6316871625634906
0.0,0.4656146412378223,-0.14604447447816193,0.6319148664960188
0.0,0.46554604771155916,-0.14604946222611193,0.6321346596283075
0.0,0.46547348023160234,-0.14605736750107975,0.6323547872003581
0.0,0.46540152857704153,-0.14606336632339695,0.63257900930255
0.0,0.46533103847559254,-0.14606949686534665,0.6328063392117088
0.0,0.4652562203592982,-0.14608015398835825,0.6330327372736178
0.0,0.4651836627629836,-0.1460850762023772,0.6332580213487462
0.0,0.46510818322270736,-0.14609538644911227,0.633480331355353
0.0,0.4650327771807534,-0.1461028153768972,0.6337140991198997
0.0,0.46495583122245504,-0.14611088187560123,0.6339390482422815
0.0,0.46488054603095813,-0.14612021866700242,0.6341658596397562
0.0,0.464805440172993,-0.14612847531341408,0.6343979242925566
0.0,0.46465378081405256,-0.1461445940734148,0.634853292229716
0.0,0.46457617984884425,-0.14615375090136562,0.6350884193306239
0.0,0.4644988036617421,-0.1461618014767334,0.6353180147614563
0.0,0.4644206220847237,-0.14617228796567472,0.63554790188195
0.0,0.46434365695835683,-0.14618035936628143,0.6357765874774342
0.0,0.46426409724263806,-0.14619229290909097,0.6360071322801546
0.0,0.4641868374297999,-0.14619945217857477,0.6362417314981463
0.0,0.4641106735025203,-0.14620878123090056,0.636473347515556
0.0,0.4640324006292323,-0.14621967539269415,0.6367021387130458
0.0,0.46395528676319386,-0.14623006322058987,0.6369338496022153
0.0,0.4638769291915847,-0.14624116402100057,0.6371673114210227
0.0,0.463800885715802,-0.14625253789818077,0.6373967018800951
0.0,0.4637183741396129,-0.1462620824987789,0.6376315128374942
0.0,0.463636371893049,-0.146274534655298,0.6378692708199338
0.0,0.46355462933056013,-0.1462869340760718,0.6381011047919847
0.0,0.46347408820935243,-0.14629699368204901,0.6383374688020461
0.0,0.46339130551946933,-0.14630779315783868,0.638571126238307
0.0,0.46330904831786257,-0.14631450875231086,0.6388058290895989
0.0,0.46322589158933625,-0.14632457205086544,0.6390455087186883
0.0,0.4631408208043134,-0.14634055070702526,0.6392796309323724
0.0,0.463058238947441,-0.14635122155918034,0.6395123236369719
0.0,0.46297277889413,-0.14636364597158535,0.6397486241666768
0.0,0.46288822461462326,-0.14637471199230226,0.6399836702168098
0.0,0.46280574690501225,-0.14638576928849836,0.6402208150637676
0.0,0.4627220789079449,-0.14639734962745218,0.6404539030917894
0.0,0.462635807640122,-0.14640960300300823,0.6406903848013226
0.0,0.46254986956900634,-0.14642370444953973,0.640925667581588
0.0,0.46246489088491344,-0.146435141675811,0.6411601255898103
0.0,0.4623808365134783,-0.14644637965178908,0.6413931488772842
0.0,0.46229381518100277,-0.14646103922140802,0.6416336899907549
0.0,0.4622063475351839,-0.14647318151357513,0.6418712536698469
0.0,0.46211967915429714,-0.14648578745128188,0.6421018603215161
0.0,0.46203170789147635,-0.14649974266489213,0.6423387281333761
0.0,0.4619443019162371,-0.1465135743987121,0.64257478136528
0.0,0.46185504197123134,-0.14652720039429826,0.6428181903882298
0.0,0.46176482085933923,-0.14654090265021325,0.6430580208571399
0.0,0.4616781321432513,-0.14655330153648763,0.6432929981140073
0.0,0.4615861608180626,-0.14656646329922507,0.6435349404096041
0.0,0.46149493442250744,-0.1465821318027805,0.6437747302387979
0.0,0.4614051853871733,-0.14659411652064938,0.6440085220241607
0.0,0.4613133044751964,-0.1466124578031427,0.6442522230172745
0.0,0.46122312829434436,-0.14662765224332974,0.6444899561530477
0.0,0.461133987950504,-0.14664057757784818,0.6447316880961471
0.0,0.4610428877259136,-0.14665426946179436,0.6449760636385331
0.0,0.46094951271654316,-0.14667051359653044,0.6452222621580621
0.0,0.4608556830371231,-0.1466851325832721,0.6454644545055538
0.0,0.46076317489509794,-0.14670093996225525,0.645709224465708
0.0,0.4606649444886027,-0.14671553638938897,0.645962298538785
0.0,0.4605703131783763,-0.14673033939406238,0.6462150957762309
0.0,0.46047410447300313,-0.14674818637401582,0.6464635840242665
0.0,0.46037514882945724,-0.14676278980967988,0.646717275877945
0.0,0.4602803204827233,-0.14677783683742107,0.6469694599369915
0.0,0.4601825308355407,-0.1467913954071945,0.647226385168812
0.0,0.46008360834598555,-0.14680891873166116,0.6474825281600994
0.0,0.4599825720560179,-0.14682868391208334,0.6477408776815394
0.0,0.4598838197529117,-0.14684264843179795,0.6479979752355384
0.0,0.4597831125827393,-0.14686355241793225,0.6482547945892174
0.0,0.4596845349556543,-0.14687708621825862,0.6485113535821032
0.0,0.4595828236413409,-0.14689496404604735,0.648770556696638
0.0,0.45948543347401927,-0.1469135247618966,0.6490274365972917
0.0,0.45938585631879714,-0.14692912639813221,0.6492886269782321
0.0,0.45928255051467226,-0.14695045963489622,0.6495474574713307
0.0,0.4591822015545666,-0.14696844546246535,0.6498036796499503
0.0,0.4590818892109657,-0.14698596723750038,0.650064304117742
0.0,0.45898055333777027,-0.1470083442564339,0.6503239986606166
0.0,0.4588794370208947,-0.1470241514974323,0.6505857707811903
0.0,0.4587757860435729,-0.14704300207567866,0.6508446459653732
0.0,0.4586732501794634,-0.14705923799862364,0.6511080822834356
0.0,0.4585700405886753,-0.1470799547137642,0.6513649929221268
0.0,0.45846904746211503,-0.14709857139035437,0.6516240447655184
0.0,0.4583658445788418,-0.14711531449622167,0.651887060698598
0.0,0.4582619796296264,-0.1471357995235723,0.652149107849808
0.0,0.45815964818297444,-0.14715498313436418,0.6524088502537683
0.0,0.4580566551532712,-0.1471734360610576,0.652664904599569
0.0,0.45795335728038905,-0.14719373693543022,0.652925143149768
0.0,0.4578492597996885,-0.14721302707418954,0.6531871096850624
0.0,0.4577445248607927,-0.14723234156871876,0.6534444725106283
0.0,0.4576413263763957,-0.14725499518882307,0.6537026645227383
0.0,0.4575379847942429,-0.1472723766748562,0.6539633223081427
0.0,0.4574337371217516,-0.14729721325673945,0.654221097917549
0.0,0.45733066409312667,-0.1473180399969494,0.6544792188475443
0.0,0.45722571171370796,-0.14733786992541587,0.6547401679360597
0.0,0.4571233565271042,-0.14736065489823508,0.6549957445862238
0.0,0.4570146927099502,-0.14738050611792042,0.6552611227541615
0.0,0.4569101729536664,-0.14740264339127696,0.6555147223751547
0.0,0.4568054994514773,-0.14742602806882943,0.6557726431788982
0.0,0.4567005355913378,-0.14744766480129995,0.6560359020448758
0.0,0.4565957796336927,-0.1474701853396745,0.6562889729846982
0.0,0.45649300558553163,-0.14749142760078887,0.6565488015080094
0.0,0.4563874314810151,-0.14751218223099813,0.6568029683305193
0.0,0.4562831048685166,-0.14753715939881312,0.6570579114446383
0.0,0.4561769326785234,-0.14756224135169266,0.6573155267377144
0.0,0.456071211261599,-0.14758421862523424,0.657573261944987
0.0,0.4559671201824261,-0.14760806251548947,0.6578275346280965
0.0,0.4558586893508553,-0.14763316380867011,0.6580823266792596
0.0,0.45575034533745673,-0.14765965578949042,0.6583407716780111
0.0,0.4556444871175144,-0.14768107163647054,0.6585976836206745
0.0,0.45553532806522423,-0.14771024166549626,0.6588555971165871
0.0,0.45542792165625856,-0.14773651450458675,0.6591118217840485
0.0,0.4553193222019814,-0.1477616916315764,0.6593696948139476
0.0,0.4552126379654362,-0.14778906631626595,0.6596239909220619
0.0,0.4551007888786993,-0.14781584791472357,0.6598850975923076
0.0,0.45499313329227153,-0.14784309659842323,0.6601401833093895
0.0,0.4548848115546337,-0.14787191766861824,0.6603999459279364
0.0,0.45477638158837963,-0.14789939263373333,0.6606598939462817
0.0,0.4546656452802277,-0.14793052632849601,0.6609168642904881
0.0,0.45455584687936196,-0.14796033060253982,0.661177552091124
0.0,0.45444522582533564,-0.14798778457419767,0.6614397797463046
0.0,0.4543321660938226,-0.14802143240057736,0.6616980134902136
0.0,0.4542196159603801,-0.14805072890067805,0.6619618484855545
0.0,0.45410818234690975,-0.14808033106717228,0.6622187828410635
0.0,0.4539921989584337,-0.14811190851742473,0.6624811260247156
0.0,0.4538753786190569,-0.14814314882772825,0.6627489157229163
0.0,0.453762857849183,-0.14817359185459217,0.6630062837878157
0.0,0.4536492494829913,-0.14820486534690727,0.6632645028688622
0.0,0.45353253832387785,-0.14823302051823412,0.6635374134207709
0.0,0.4534187825615166,-0.1482711455176549,0.6637920679540751
0.0,0.45330281445629805,-0.14830151751993392,0.6640577427100612
0.0,0.4531896545070953,-0.1483347731608986,0.6643136243275632
0.0,0.45307565242495096,-0.14836635034963702,0.6645799128521759
0.0,0.4529600181110366,-0.1483985948757065,0.6648386754067631
0.0,0.4528452152772375,-0.14843617604477854,0.6651035353357259
0.0,0.4527301818771361,-0.14846858101028249,0.6653655671234139
0.0,0.45261460004385773,-0.14850117318167966,0.6656231219573654
0.0,0.4524974473438804,-0.14853589582162163,0.6658867131928962
0.0,0.4523774481446192,-0.14857038773880793,0.6661490258738544
0.0,0.4522576500142108,-0.1486045460378564,0.6664156291723607
0.0,0.45213685367511813,-0.14864023659937423,0.6666826144136827
0.0,0.45201562606852075,-0.14867374393861166,0.6669464533834508
0.0,0.4518976838210316,-0.1487105528641283,0.6672036128713379
0.0,0.4517770024109336,-0.14874781973411932,0.667464425434415
0.0,0.451658535479168,-0.14878210606584158,0.6677232678436327
0.0,0.45154089933152136,-0.14881740541921168,0.6679849406979017
0.0,0.45141794234951105,-0.1488569981002628,0.6682472957845893
0.0,0.4512977995528034,-0.14889387523889225,0.668506580520052
0.0,0.4511759124787934,-0.14892904946398097,0.6687685237002183
0.0,0.4510546755642656,-0.1489660585306966,0.6690285552190903
0.0,0.45093168828492985,-0.1490012439429016,0.6692910390355116
0.0,0.4508052572990757,-0.14903982580541011,0.6695613723492521
0.0,0.4506797719953667,-0.14907674569406057,0.6698217736911609
0.0,0.45055433262863864,-0.1491144570670294,0.6700905536516202
0.0,0.4504295789310514,-0.14914988454425523,0.6703546028735228
0.0,0.4502992840663633,-0.14919125779120715,0.6706185752548932
0.0,0.45017292978199774,-0.14922722330501806,0.6708836889625226
0.0,0.45004304307707876,-0.14926710747878333,0.6711521408807519
0.0,0.4499127468162699,-0.1493046513228296,0.6714166215571213
0.0,0.449785447999816,-0.1493420631803416,0.6716818534465409
0.0,0.44965576648704364,-0.1493845876783231,0.671952133265109
0.0,0.4495286209575499,-0.1494257051790002,0.672214473462492
0.0,0.4493990901935231,-0.1494635224658942,0.6724862003889676
0.0,0.449266786060488,-0.14950382151631775,0.6727601214715354
0.0,0.449138756667016,-0.14954391121627764,0.6730233221252874
0.0,0.4490066432270431,-0.14958249571317142,0.6732971726808944
0.0,0.44887678866195224,-0.14962275076032017,0.6735622094171712
0.0,0.44874414835464205,-0.1496639505869781,0.6738350323058535
0.0,0.4486100491632113,-0.14970134334423296,0.6741108049662573
0.0,0.44847831579956415,-0.14974447086433695,0.6743760331378148
0.0,0.4483453289430629,-0.1497827990511108,0.6746493297653136
0.0,0.448211901871703,-0.14982415934608248,0.674921680636985
0.0,0.4480781093556669,-0.14986862287508376,0.6751882195972728
0.0,0.4479414059472091,-0.14990890029497148,0.6754645681024981
0.0,0.4478040619961669,-0.14995323289641194,0.6757352635914416
0.0,0.4476693511887097,-0.14999730619730325,0.6760068164778927
0.0,0.4475319918082017,-0.15003892421492399,0.6762825128115834
0.0,0.447393914133275,-0.15008111925938228,0.6765586640840812
0.0,0.4472589698999374,-0.15012418137806574,0.6768301041714148
0.0,0.44712458374420755,-0.1501705119245782,0.6770989841674803
0.0,0.4469906455017336,-0.1502116538284899,0.6773694380056011
0.0,0.44685611532372027,-0.15025293840837586,0.6776400218199201
0.0,0.4467165187663129,-0.15029747873838495,0.6779112437973662
0.0,0.4465780698374389,-0.15034182517777991,0.6781852435009001
0.0,0.44644182778654173,-0.15038443408033322,0.6784568140538285
0.0,0.44630433568578753,-0.15042760828686547,0.6787249776395181
0.0,0.4461677606052002,-0.1504689736887158,0.6789965900681979
0.0,0.44603019042269954,-0.15051167947912195,0.679268877878667
0.0,0.4458936570078628,-0.15055623090903913,0.6795385862987858
0.0,0.4457568496469959,-0.1506017484013481,0.6798037185287287
0.0,0.44562148609399477,-0.1506446038576611,0.6800679155443543
0.0,0.44548268366188215,-0.15068777106503256,0.680340065096535
0.0,0.4453425907793376,-0.1507326391450389,0.6806087603071995
0.0,0.44520719747402926,-0.15077820618784588,0.6808705661155114
0.0,0.4450684921815095,-0.15082387183933407,0.68114110379557
0.0,0.44493009346106593,-0.1508708683050448,0.6814057147344228
0.0,0.44479085954896136,-0.15091584278865783,0.6816764124385315
0.0,0.44465415250358964,-0.1509589065210959,0.6819399582658617
0.0,0.4445145623849459,-0.15100674415941354,0.6822049842527724
0.0,0.44437457420514287,-0.15105303311193097,0.6824707347127474
0.0,0.44423339632453096,-0.1510968136483426,0.682738788104771
0.0,0.444092010238766,-0.151147680610788,0.6830082222383033
0.0,0.44395159471913265,-0.15119148007986524,0.6832749480886691
0.0,0.44381027920679905,-0.15124249593571978,0.6835349686587691
0.0,0.44366925432603943,-0.1512891741405108,0.6838004835770007
0.0,0.4435281457205679,-0.15133638077923373,0.6840611794456503
0.0,0.4433863314850783,-0.15138435566985212,0.6843265262865244
0.0,0.44324572730110195,-0.15143009245165057,0.6845866208760776
0.0,0.44310273327834937,-0.1514772581761796,0.6848534356407063
0.0,0.4429575239175257,-0.15152791386908276,0.6851168754453585
0.0,0.4428125525740726,-0.15157744436693138,0.6853802084299938
0.0,0.44266855383239107,-0.15162094819015304,0.6856400763883284
0.0,0.4425246059942197,-0.15166844732556004,0.685902020671614
0.0,0.44237763002606506,-0.15171697001717344,0.6861716521411739
0.0,0.44223420288198645,-0.15176537446501343,0.6864326700540901
0.0,0.4420911803248035,-0.15181408029470778,0.6866920210409696
0.0,0.4419476878840143,-0.15186260506527183,0.686952153714915
0.0,0.4418033003872607,-0.15191106453040903,0.6872128010701141
0.0,0.4416574868885823,-0.15196090001934437,0.6874745118110072
0.0,0.4415130172402052,-0.15200960047859738,0.6877346403803781
0.0,0.4413678521198452,-0.15206309378205762,0.6879934313810522
0.0,0.44122033545082406,-0.1521131578151249,0.6882565121215584
0.0,0.44077787246953065,-0.15226212897798658,0.6890481637752593
0.0,0.4406270670140847,-0.1523098464050203,0.6893191756112527
0.0,0.4404745015247691,-0.15236001162843696,0.6895912763016631
0.0,0.4403258415453014,-0.15240882520794996,0.689849897282261
0.0,0.4401749081868618,-0.15245763203654228,0.6901199900888039
0.0,0.4400219804784489,-0.15250936801352688,0.690390696375066
0.0,0.4398692679130404,-0.15255863970830197,0.6906577450514155
0.0,0.43971835738329007,-0.152607837503682,0.690926631701804
0.0,0.4395689913273498,-0.1526553483425842,0.691194278674114
0.0,0.43941778845964097,-0.15270542334780993,0.6914624218154223
0.0,0.4392629891494376,-0.15276004125651854,0.6917331545592478
0.0,0.43910902049030154,-0.15281063812359888,0.6920086089935588
0.0,0.4389539483024141,-0.15286034553241354,0.6922766094616611
0.0,0.4387971414272839,-0.1529124841554792,0.6925542015474789
0.0,0.43863718751626124,-0.15296646526697472,0.6928299710827109
0.0,0.4384800185075204,-0.1530184510392238,0.6931031140525168
0.0,0.43832189382648656,-0.15307028381071508,0.6933725186914157
0.0,0.43816213813777816,-0.1531220078478806,0.6936524795248096
0.0,0.43800470934833086,-0.15317306322947824,0.6939252683452126
0.0,0.43784391005531165,-0.15322331038472664,0.6942020722278126
0.0,0.43768174124293463,-0.15327799287875193,0.6944743956752397
0.0,0.437522269489388,-0.15333099209732515,0.6947478460545623
0.0,0.43736186074975664,-0.1533848825590898,0.6950174421658908
0.0,0.43719946588919606,-0.15343965910235913,0.6952890628245018
0.0,0.4370381937390188,-0.15349167793081397,0.6955640878203697
0.0,0.4368785068940952,-0.15354848925054604,0.695826338985556
0.0,0.43671735075778695,-0.15360229998256994,0.6960997943876056
0.0,0.43655754951155534,-0.15365497275347154,0.6963672788848099
0.0,0.4363944568297509,-0.15371212587723715,0.6966365694263984
0.0,0.43623376813398596,-0.15376304049120407,0.6969012879999624
0.0,0.4360683291334972,-0.15382146547134184,0.6971722911425404
0.0,0.4359054118070372,-0.15387652317349965,0.6974371965615128
0.0,0.43573849111970553,-0.15393357334388744,0.6977098527648892
0.0,0.43557520262464045,-0.15399205750740774,0.6979733762270814
0.0,0.43541341450268845,-0.15404670278584165,0.6982404334311927
0.0,0.4352487942194526,-0.15410106227402323,0.6985062456466761
0.0,0.43508539869430013,-0.15415817224815134,0.6987692940336455
0.0,0.4349196889823134,-0.15421571748292617,0.6990391395787432
0.0,0.4347533636763982,-0.15427343363315,0.6993048338059387
0.0,0.43458926892588046,-0.15433086197186746,0.6995677777231538
0.0,0.4344237501702149,-0.15438627214405226,0.6998328820608318
0.0,0.4342603447698566,-0.15444404527222544,0.700094319331493
0.0,0.43409374251539307,-0.15450023802615204,0.7003640857502402
0.0,0.43393009387702897,-0.15455968069166115,0.7006244085755169
0.0,0.43376537511188484,-0.15462157698978993,0.7008887457204687
0.0,0.433599549016904,-0.15467722638017464,0.7011569114553454
0.0,0.43343552445260836,-0.15473700222098796,0.701420513147712
0.0,0.43326794404899277,-0.1547942585258078,0.7016895101041112
0.0,0.43310259282565655,-0.15485695063456573,0.7019487059200352
0.0,0.43293592254975893,-0.1549161131356912,0.7022152269288658
0.0,0.4327674654050151,-0.15497552427780736,0.7024788958827103
0.0,0.43260117848850493,-0.15503447384895952,0.7027483804995207
0.0,0.43243179831991513,-0.15509547066833484,0.703012185185734
0.0,0.43226459079711727,-0.1551571386549718,0.7032764607237436
0.0,0.43209555877852923,-0.15521794710454165,0.7035434792623679
0.0,0.43192534668158583,-0.155279622132809,0.7038067086974971
0.0,0.43175391925662654,-0.15534057952941643,0.7040755153810112
0.0,0.4315870241647389,-0.15540158274199595,0.7043344346806656
0.0,0.43141617556812095,-0.15546426390390092,0.7046012104962724
0.0,0.4312489402729183,-0.15552530962148403,0.7048600930135883
0.0,0.4310784953052661,-0.15558679549613602,0.7051262427310445
0.0,0.4309077466739516,-0.15564878742981778,0.7053880767256675
0.0,0.4307358498905278,-0.1557167586182649,0.7056482939364178
0.0,0.4305644638049878,-0.15577819717788977,0.705915065769613
0.0,0.430393065145713,-0.15584366376423714,0.7061752276194558
0.0,0.43021798549394963,-0.15590794529064034,0.7064400735758039
0.0,0.4300440245283292,-0.1559742819542743,0.7066981355492965
0.0,0.4298727909381547,-0.1560428968682258,0.7069600278312197
0.0,0.42970002163486964,-0.15610675406459257,0.707221237625013
0.0,0.42952578076416376,-0.15617777697605265,0.7074766952660788
0.0,0.4293511826483778,-0.15624559721684403,0.7077373529147192
0.0,0.4291787820986497,-0.15630907224700866,0.7079974537439022
0.0,0.4290053764422781,-0.15637950463030503,0.7082511440986679
0.0,0.4288272075131861,-0.15644705217786237,0.7085110831451792
0.0,0.4286489407197787,-0.15651621951634068,0.7087743694426973
0.0,0.4284719834042252,-0.15658829453902073,0.7090305352930704
0.0,0.4282949449875503,-0.15665783306799055,0.7092875423929942
0.0,0.4281206091040599,-0.15672709013580627,0.709541422055443
0.0,0.4279439025295804,-0.15679346947107156,0.7097984124895901
0.0,0.4277650629678579,-0.15686744205648115,0.7100547376745991
0.0,0.42758659463614807,-0.1569409702941113,0.7103102580667799
0.0,0.42741008268558,-0.15701068459891332,0.7105650695987727
0.0,0.4272301811069816,-0.15708595727626698,0.7108209166302809
0.0,0.4270490016215582,-0.15715977350027627,0.7110785782059313
0.0,0.4268667880087721,-0.15723403578171272,0.7113324397879515
0.0,0.4266874335826597,-0.1573080017545234,0.7115915596892498
0.0,0.4265056248156533,-0.15738187113527616,0.7118487328653889
0.0,0.4263230013089227,-0.15745745260147645,0.7121055412220217
0.0,0.426141814565699,-0.15753449519766055,0.7123557779249599
0.0,0.4259533218759486,-0.15760957356903377,0.7126187287391536
0.0,0.4257720563153832,-0.15768580797691395,0.7128689314397628
0.0,0.4255869352455428,-0.15775832818230653,0.713128536981523
0.0,0.42540131683465143,-0.15783369674200862,0.7133792366539463
0.0,0.425214885462741,-0.15790981546011384,0.7136383034322884
0.0,0.4250321731553536,-0.15798230398520507,0.7138904608449365
0.0,0.4248478898752358,-0.15805969689106092,0.7141417752384854
0.0,0.4246612343730126,-0.15813687690533704,0.714399106763419
0.0,0.42447666658496497,-0.1582110594611365,0.7146472208737447
0.0,0.4242900860951582,-0.15828852355102677,0.7149000149176732
0.0,0.4241062374267893,-0.15836353894790708,0.7151504661038035
0.0,0.4239191835091892,-0.15844285835902633,0.7153983283905113
0.0,0.42373212233868857,-0.15851663661000465,0.7156520223378238
0.0,0.4235442673495413,-0.15859255962951546,0.7159008316251297
0.0,0.4233590217112935,-0.15867136334983736,0.7161494264552644
0.0,0.42317270456328704,-0.1587415853058031,0.7164023634388339
0.0,0.4229847654342491,-0.1588188917357851,0.7166542225539148
0.0,0.4228000439074436,-0.15889360153828896,0.7169031630904185
0.0,0.42261420455178633,-0.1589703142331835,0.7171479788852895
0.0,0.4224318109137561,-0.15905052191427452,0.7173875867072315
0.0,0.42224554974294604,-0.15912407213863516,0.7176414851412506
0.0,0.42205825677587,-0.15920201472922577,0.7178869847617936
0.0,0.421869701010325,-0.1592812121577682,0.7181366575793308
0.0,0.42168303065322743,-0.1593569995187426,0.7183857171735221
0.0,0.4214987208773986,-0.1594308820473176,0.7186280375214248
0.0,0.421310077736773,-0.15950215257753952,0.718880102455614
0.0,0.42112083642624865,-0.15957940495423173,0.7191259388673934
0.0,0.4209330152740759,-0.15965388297909683,0.7193754917806434
0.0,0.4207445886022927,-0.1597295586197854,0.719624865669982
0.0,0.4205588840475066,-0.15980574359632121,0.7198665973507556
0.0,0.42037102838007184,-0.15988172172295012,0.7201105550025029
0.0,0.42018153417463044,-0.1599586537033378,0.7203595724654711
0.0,0.4199963981975844,-0.1600388849852252,0.7206022852265369
0.0,0.41980821820162634,-0.16011636621432562,0.7208454717266728
0.0,0.4196223098570352,-0.16019317687493878,0.7210896037613325
0.0,0.4194354896866175,-0.16027370067360136,0.7213286777474578
0.0,0.4192460614742958,-0.16035348362239546,0.7215742817725688
0.0,0.41906110708224875,-0.1604335888877271,0.7218112499763201
0.0,0.41886917211420055,-0.16051239882224885,0.7220599982665121
0.0,0.4186782214490235,-0.16059192764084734,0.7223031915494417
0.0,0.41849021048870794,-0.1606752905371503,0.7225408855302241
0.0,0.4182982394784272,-0.16075809489696066,0.7227870001794989
0.0,0.4181138693152504,-0.16083810515214605,0.7230178199420741
0.0,0.41792340144502327,-0.16092040511948563,0.7232619236873606
0.0,0.41773126207351874,-0.1610071368274916,0.723501718755902
0.0,0.4175439511003133,-0.16109350004606204,0.7237319089757207
0.0,0.41735058357045723,-0.1611802867460145,0.7239722523575826
0.0,0.4171628638057048,-0.1612657226096226,0.724202883167284
0.0,0.4169685251290568,-0.16135096944742294,0.7244444749862605
0.0,0.41677432434549777,-0.1614359772240849,0.7246817352797346
0.0,0.41658177622439696,-0.16152379137579298,0.7249158714083244
0.0,0.4163890444546062,-0.161612818852327,0.7251490662234755
0.0,0.41619329490832596,-0.16169933864342217,0.7253866693035084
0.0,0.41600181505010964,-0.16179056895305755,0.7256171156780121
0.0,0.41580922848776564,-0.16187620880325038,0.7258467552693891
0.0,0.4156147515234098,-0.1619677078949701,0.726079807244095
0.0,0.41542153968980317,-0.16205952024446124,0.7263070369214352
0.0,0.4152263532714245,-0.16214851477801984,0.7265411276204966
0.0,0.41503429030689354,-0.16224374824821816,0.7267614844707782
0.0,0.41483654972799605,-0.16233310655077232,0.7269975084746159
0.0,0.41464504218673154,-0.16242398962800056,0.7272223494856037
0.0,0.4144501069795569,-0.1625153459697096,0.7274463884215794
0.0,0.4142537054284229,-0.1626051235354948,0.7276801713084682
0.0,0.4140576762813981,-0.1626964461510246,0.7279084788191184
0.0,0.4138610722691215,-0.16278664367835127,0.7281375256898112
0.0,0.41366471924699955,-0.16288007608792182,0.7283646256161556
0.0,0.4134673544103188,-0.16297347121117461,0.7285927433113182
0.0,0.4132671809736601,-0.1630688423156073,0.7288187008829432
0.0,0.41306948090369655,-0.1631609657603096,0.7290474868820965
0.0,0.41286929838079833,-0.16325029764517016,0.7292792800380568
0.0,0.41266853455159824,-0.16334388153532325,0.7295097415062164
0.0,0.4124679369056209,-0.16343880723436285,0.7297432651244644
0.0,0.4122667697825208,-0.1635310598047508,0.7299702336315022
0.0,0.41206411006943744,-0.16362656213238885,0.7301968791293343
0.0,0.4118631168594788,-0.16371780337711261,0.7304309189808409
0.0,0.4116595048657479,-0.16380632522787797,0.7306648970297188
0.0,0.4114611745436948,-0.1639026522795474,0.7308902045958725
0.0,0.4112599811043379,-0.16399602023683366,0.731119363446635
0.0,0.4110622058126964,-0.1640889285428876,0.7313449514924445
0.0,0.4108618739278089,-0.16417808912643345,0.7315743465337361
0.0,0.4106604833565258,-0.16427060973627403,0.7318033401683584
0.0,0.4104608738671673,-0.1643665129963804,0.7320250555113053
0.0,0.4102559627435959,-0.16446382395162967,0.7322588809553553
0.0,0.4100563622949876,-0.1645576120508542,0.7324806033755685
0.0,0.40985249404084356,-0.16465012338416105,0.7327110222671306
0.0,0.409648411844305,-0.16474263096936714,0.7329410769709861
0.0,0.4094457803817858,-0.16483725742283578,0.7331649315344971
0.0,0.4092406482081187,-0.1649303268011565,0.7333955388640937
0.0,0.4090333420725981,-0.16502629944111263,0.7336270061648188
0.0,0.4088312586234322,-0.16511829820346513,0.7338545912397414
0.0,0.40862853415410916,-0.16520707441726423,0.7340796557066231
0.0,0.4084246789221334,-0.16530366829175044,0.7343060281674513
0.0,0.4082208128748023,-0.16539752055154655,0.7345297623760956
0.0,0.40801750752522425,-0.1654895997141621,0.7347572486537988
0.0,0.4078146111374651,-0.1655844012048266,0.7349791515356593
0.0,0.4076088367429722,-0.16567745096432018,0.7352083611657914
0.0,0.40740829798395334,-0.16577186575201563,0.7354273866743348
0.0,0.4072031244197552,-0.16586561254853602,0.7356514538275379
0.0,0.40699397171895607,-0.1659611999173422,0.735882386296812
0.0,0.406793864474173,-0.1660542560952221,0.7361006148517029
0.0,0.406592597467544,-0.16614326297486381,0.7363251998001598
0.0,0.40638786830786294,-0.16624041950481583,0.7365459382050836
0.0,0.4061858539692514,-0.16633357739994858,0.7367653913873596
0.0,0.40598266808405864,-0.16642603064395053,0.736989841314912
0.0,0.4057795600307539,-0.1665178531639462,0.7372105248068714
0.0,0.40557772238684986,-0.16661030916679923,0.737429354761257
0.0,0.405374108411787,-0.16670352001247826,0.7376496543552417
0.0,0.4051701407499147,-0.16679597482186329,0.737870324837093
0.0,0.40497134388657074,-0.16688489244562787,0.7380864973681922
0.0,0.4047705980088575,-0.16697608877068532,0.7383034429907703
0.0,0.4045684711153427,-0.1670680043372757,0.7385248159492258
0.0,0.4043668070007272,-0.1671582965696699,0.7387387889082706
0.0,0.40416592140518925,-0.1672515789839138,0.7389543956687099
0.0,0.40396217047360705,-0.16734621892908066,0.7391719339011975
0.0,0.4037619679348669,-0.16743811929385363,0.7393834261468548
0.0,0.40356165376549363,-0.16752984866726883,0.7395980987864762
0.0,0.403358660221742,-0.16762552775461545,0.7398101873863112
0.0,0.4031590551076072,-0.167716776840261,0.7400241804945685
0.0,0.40295664267394965,-0.16781028159611028,0.7402360950498009
0.0,0.40275431375604953,-0.1679019937031497,0.7404484799789489
0.0,0.4025532912665741,-0.16799756173464014,0.740657533653442
0.0,0.40234828769377334,-0.16808950509122264,0.7408720477631964
0.0,0.4021442220613292,-0.16818732743565762,0.7410830972902133
0.0,0.4019419827014223,-0.16827820730055013,0.7412949979629496
0.0,0.40173991539467147,-0.1683736150766409,0.7415003362352006
0.0,0.4015400687868568,-0.16846949150903962,0.7417031448507294
0.0,0.4013346203698755,-0.1685636662198604,0.7419161963414856
0.0,0.4011335402159406,-0.1686607506986404,0.7421196542357009
0.0,0.4009306507509703,-0.16875330255348828,0.7423264070568117
0.0,0.4007266783764983,-0.1688490386176207,0.7425362789992219
0.0,0.40052162139721137,-0.16894487928627772,0.7427434358137804
0.0,0.4003180173341965,-0.16903785963819148,0.7429501215309319
0.0,0.4001154554930347,-0.1691332143682395,0.7431546314484557
0.0,0.3999141823615411,-0.16922510337539123,0.7433588199435416
0.0,0.3997072749583163,-0.16932370890600726,0.7435651865177874
0.0,0.39950683560054334,-0.1694190397420091,0.7437667178401591
0.0,0.39930396951852754,-0.16951241715653062,0.7439714360523333
0.0,0.39909716682108876,-0.16960621089290376,0.7441797232780567
0.0,0.39889459180958436,-0.16970445393194655,0.7443816013684805
0.0,0.3986909432157451,-0.16979309268019627,0.7445882090259164
0.0,0.39848647142811955,-0.16988846313852188,0.7447967477649123
0.0,0.3982829414788824,-0.1699781112192414,0.7450063348086774
0.0,0.3980758162602642,-0.17006839595292483,0.7452150110187431
0.0,0.3978750367281498,-0.1701634937830852,0.7454150344183682
0.0,0.3976699589490364,-0.17025140882573914,0.7456223573955305
0.0,0.39746682729746496,-0.17034364321994233,0.7458297059049053
0.0,0.39725833954507667,-0.17043240361042822,0.7460396754993587
0.0,0.3970504610156775,-0.17052454403336706,0.7462476265182111
0.0,0.3968466082280948,-0.17061416235138355,0.7464524008101474
0.0,0.39664041774008685,-0.1707014836828254,0.7466601896267451
0.0,0.3964361316304555,-0.17079023855928582,0.7468650208937967
0.0,0.39623091089710605,-0.17087756007338678,0.7470747707250571
0.0,0.3960295627938395,-0.1709669959097766,0.7472761132397167
0.0,0.39582293387425543,-0.17106003681424337,0.7474806968710836
0.0,0.39561976457375064,-0.17114671906818532,0.7476845952972019
0.0,0.39541681144971164,-0.17123268282988433,0.7478846920760598
0.0,0.39521459427699906,-0.17132165757595513,0.7480860111438016
0.0,0.3950114635741763,-0.1714071303345051,0.7482897410642267
0.0,0.3948065545339272,-0.1714982429063963,0.7484962565685304
0.0,0.39460297592014415,-0.17158616976704313,0.7486946665792233
0.0,0.3943987403693533,-0.1716738315216585,0.7489011379602903
0.0,0.3941941538488877,-0.17176628096023366,0.7491020808259219
0.0,0.3939898219702514,-0.17185488679587044,0.749300441558456
0.0,0.39378659050434717,-0.1719431849902257,0.749505205663807
0.0,0.3935838281228773,-0.17203161150221102,0.7497017008233502
0.0,0.3933807315046695,-0.172120993517375,0.749905478253725
0.0,0.3931826182035749,-0.1722061675810661,0.7500986984519127
0.0,0.39298016678205716,-0.17229779858441843,0.7502967622726966
0.0,0.3927777544661593,-0.17238565586254131,0.7504962053923708
0.0,0.39257631365964724,-0.17247208171374462,0.7506948489164271
0.0,0.39237206834269833,-0.17255823735518916,0.7508960019038732
0.0,0.39216961170008924,-0.1726502976142835,0.7510933021409913
0.0,0.39196418050308873,-0.17273598625222744,0.7512993541417335
0.0,0.3917607105521519,-0.17282545401558047,0.7514983871365499
0.0,0.3915606420905612,-0.1729142168430412,0.7516903420971522
0.0,0.3913578951244867,-0.17299996996140235,0.7518931840153035
0.0,0.3911611504620557,-0.17308667135178243,0.7520824264926603
0.0,0.3909566657320336,-0.17317342598886426,0.7522862923450165
0.0,0.39075362139923747,-0.1732620413386924,0.7524838865529777
0.0,0.39055580455011396,-0.17334876900216567,0.7526773514607124
0.0,0.3903575167334473,-0.17343528321926607,0.7528711402981098
0.0,0.39016000693843716,-0.17352166884255427,0.7530640569616388
0.0,0.38996053859543617,-0.1736044594326611,0.7532637955232205
0.0,0.3897585753857191,-0.1736921599717818,0.753456197417622
0.0,0.38956091881388594,-0.1737787833035089,0.753648473307468
0.0,0.3893620261942998,-0.17385635478581665,0.753845550542885
0.0,0.38916256689460754,-0.17394427306654153,0.7540385552896633
0.0,0.38896481321562637,-0.17402576597708044,0.754232317069951
0.0,0.3887644195749347,-0.17411396435480644,0.7544256637996035
0.0,0.38856946416270494,-0.17419885972821703,0.754615041030249
0.0,0.38837422636592017,-0.17428412914312055,0.7548045193615267
0.0,0.38817407798043196,-0.17436964521814988,0.7549980049591845
0.0,0.3879791966763414,-0.17445646978655704,0.7551863112650702
0.0,0.3877808116201051,-0.17454353554320223,0.7553772325737276
0.0,0.38758432776641577,-0.17462923287556456,0.7555668481228518
0.0,0.38738455767999846,-0.174711509532742,0.755760597727624
0.0,0.3871838764549808,-0.17479964446784496,0.7559523686296523
0.0,0.3869831357962203,-0.17488528730497543,0.756145427062992
0.0,0.3867835990718247,-0.17497042267551516,0.7563338408862363
0.0,0.38658477938353975,-0.17505840111639973,0.756523802932353
0.0,0.3863857690320072,-0.17514236565087773,0.7567151613260505
0.0,0.3861895805688328,-0.1752313663123427,0.7568978158157349
0.0,0.38599416408435183,-0.1753193148301325,0.7570803680739635
0.0,0.3857979007537979,-0.17540813298022037,0.7572703699608632
0.0,0.3856003784400382,-0.17549488993685056,0.757455111962083
0.0,0.3854068521355652,-0.17558082346244597,0.7576357377184152
0.0,0.38520916773332636,-0.17566840884523727,0.757819904824035
0.0,0.3850131310753609,-0.1757561032833697,0.7580022736660007
0.0,0.38481488034773276,-0.17584279082729332,0.7581905279261224
0.0,0.384615214197196,-0.17592844803391175,0.7583764059554094
0.0,0.38441638348879,-0.1760170781053423,0.758560034678685
0.0,0.38422177589642414,-0.17610020567016899,0.7587421475533936
0.0,0.3840265335112007,-0.1761874450599442,0.7589226883845837
0.0,0.3838305030539563,-0.17627141760884174,0.7591015520297156
0.0,0.3836315055732443,-0.1763576563681723,0.7592895115482794
0.0,0.38343430497978126,-0.17644516625331647,0.7594711178336792
0.0,0.38324142614493895,-0.1765269159190327,0.7596513671710551
0.0,0.38304773850029705,-0.1766131957295065,0.7598301477311482
0.0,0.38285055195677575,-0.17669410218039366,0.7600177895078186
0.0,0.38265704525148125,-0.17677624480804152,0.7601978208832859
0.0,0.38245847127397886,-0.17685839872855055,0.7603856728179295
0.0,0.38226323579229005,-0.1769385879972622,0.7605677148043393
0.0,0.38206521752976585,-0.17702033362900116,0.7607516018285828
0.0,0.38187140987588547,-0.17710645262214353,0.7609258696985679
0.0,0.3816733898437133,-0.17718398202918462,0.7611146222140679
0.0,0.38147859472400814,-0.17726582203152896,0.7612949723523157
0.0,0.3812824055344022,-0.1773443178180187,0.7614775791855626
0.0,0.38108732865433276,-0.17742310034641384,0.7616589865459152
0.0,0.3808931460459222,-0.17750426830797786,0.7618422627879233
0.0,0.38069931277423474,-0.17758535975872947,0.762017484511468
0.0,0.3805041152179068,-0.17766603042551884,0.7622013415862228
0.0,0.38030914510540526,-0.17774139824041957,0.7623832486264212
0.0,0.3801111467637219,-0.17782091566216013,0.7625662414172938
0.0,0.3799199324414063,-0.1779022417747588,0.7627385497286773
0.0,0.3797230041725261,-0.17798343277193723,0.7629229449019292
0.0,0.3795298718527722,-0.1780636570525558,0.763100735125012
0.0,0.37933380324585153,-0.1781429150501248,0.7632809154738216
0.0,0.379138853442037,-0.17821929768049966,0.7634613527327897
0.0,0.3789464565862271,-0.17830008643152712,0.7636375402956639
0.0,0.37874958166835176,-0.178378961658398,0.7638179316916709
0.0,0.37855611446700227,-0.17845991585164578,0.7639909200785656
0.0,0.3783657043193639,-0.17853816739572972,0.7641691879916443
0.0,0.3781722102024667,-0.1786165780828876,0.7643427656013436
0.0,0.3779789497258676,-0.1786956948508751,0.7645194386178629
0.0,0.37778361571105445,-0.17877491785917363,0.7646976602125359
0.0,0.37759040036077074,-0.17885587832539918,0.7648695590219934
0.0,0.37740061235410427,-0.17893226139947654,0.7650473785474822
0.0,0.37720664634220263,-0.17901066525778817,0.7652243089847569
0.0,0.37701770958172687,-0.17909120851642352,0.7653957028444607
0.0,0.3768246919967006,-0.17916896887773043,0.765571472359669
0.0,0.37663234921396305,-0.17924890768772578,0.7657453712135776
0.0,0.3764434797950586,-0.17933092733506933,0.7659191534508656
0.0,0.37625281187253073,-0.17940982231394112,0.7660921978222489
0.0,0.3760647794899462,-0.1794868398073638,0.7662634499630121
0.0,0.3758782286207898,-0.17956551119100744,0.7664325677649435
0.0,0.37568487913988874,-0.1796463200019069,0.7666066420356777
0.0,0.3755005451272985,-0.17972474976917194,0.7667736354365434
0.0,0.3753105969477597,-0.17980115817304923,0.7669496724662844
0.0,0.375122999673661,-0.1798778474018971,0.7671198851220355
0.0,0.3749381270899076,-0.17995555679315062,0.7672868350242784
0.0,0.3747493415745559,-0.18003742682883297,0.7674557864067558
0.0,0.37456388778262284,-0.18011278795707508,0.7676242862638436
0.0,0.3743778956269769,-0.18018483898219084,0.7677946226542374
0.0,0.37419240426159067,-0.18026064906478817,0.7679627872927122
0.0,0.3740104287912013,-0.18033684324694635,0.7681275696205211
0.0,0.37382430999759686,-0.18041500878371466,0.7682983905710987
0.0,0.3736427767992068,-0.1804927047931373,0.7684620906476186
0.0,0.37345891102033696,-0.18056706947997878,0.76862874171781
0.0,0.3732757143932003,-0.18064373105995257,0.7687938013971576
0.0,0.3730890216811483,-0.18072447791070892,0.768960146019407
0.0,0.37290627729029124,-0.18080038427010037,0.7691214943471728
0.0,0.3727231274266474,-0.18087411137841497,0.7692875956579986
0.0,0.3725406616347606,-0.18095437938536987,0.7694499237625737
0.0,0.37235470577850655,-0.18102834328792414,0.7696178487809574
0.0,0.37216884890074065,-0.18111094288135438,0.7697818622906515
0.0,0.37198679541691854,-0.18118431241060254,0.76994656079524
0.0,0.37179823316835275,-0.18126298856832196,0.7701139796022581
0.0,0.3716195518278483,-0.18134249476843117,0.7702692205331756
0.0,0.3714358137776842,-0.18141866023282963,0.7704334303956115
0.0,0.37125173304553616,-0.1815001713665861,0.770595794745567
0.0,0.3710687584382771,-0.18157683103397715,0.7707553729681105
0.0,0.37088440920465565,-0.18165549940635453,0.7709186794547888
0.0,0.3707031867610579,-0.18173292244148342,0.7710762746431812
0.0,0.3705216516860976,-0.1818098966489513,0.7712343091825086
0.0,0.37034011468110256,-0.18188778993527618,0.7713952713757534
0.0,0.3701591251511173,-0.18196412500730486,0.7715530029856181
0.0,0.36997759789777734,-0.18203818552087744,0.7717117338859533
0.0,0.36979680323296094,-0.18211434448040387,0.7718688305369836
0.0,0.36961347896418684,-0.1821947144366371,0.7720260005468872
0.0,0.3694320278292251,-0.18227266411499207,0.7721827078733599
0.0,0.3692547742374576,-0.18234985612193422,0.7723363311882049
0.0,0.3690792757077734,-0.18242310156367567,0.772489568715548
0.0,0.3689011744014298,-0.1825015269833079,0.7726428614419721
0.0,0.36872086063452103,-0.1825728983793583,0.7727971953631809
0.0,0.3685459251978116,-0.18264824178345979,0.7729493194818212
0.0,0.36836868077896723,-0.18272214057349695,0.7731034482725412
0.0,0.36819157680388404,-0.18279554643206786,0.7732573853694196
0.0,0.3680168845128886,-0.18286842706050938,0.773405749028248
0.0,0.3678424545485194,-0.1829409809858575,0.7735573935109029
0.0,0.3676642248935458,-0.183014456081823,0.7737081489639572
0.0,0.36748903592980453,-0.1830919789964641,0.7738584190636333
0.0,0.3673162510951166,-0.18316134708109694,0.7740099148913965
0.0,0.3671426114677867,-0.18323591153500196,0.774156218468411
0.0,0.3669672170534559,-0.1833060346745733,0.7743090515800939
0.0,0.3667954826292714,-0.18338325994289625,0.7744521759647757
0.0,0.36661883861441447,-0.18345438263699354,0.7746055050108784
0.0,0.36644657941695047,-0.18352351624671653,0.7747559099933272
0.0,0.36627350156516625,-0.18359576694192967,0.7749018960453014
0.0,0.36610019728493204,-0.18366688065681325,0.7750551316966491
0.0,0.36592425391468864,-0.1837374298796244,0.7752041813690362
0.0,0.3657500840522042,-0.18381187427487572,0.7753570351893896
0.0,0.36557661312673617,-0.183878302334418,0.7755089569231707
0.0,0.3654017811980188,-0.18394825621826316,0.7756603592672595
0.0,0.3652285523895493,-0.18402449535087584,0.7758040941729649
0.0,0.36505514614790413,-0.18409410581422875,0.7759542007282088
0.0,0.3648801675072645,-0.1841645485199263,0.7761053293305883
0.0,0.36470633916873074,-0.18423455825710605,0.7762552617841365
0.0,0.364531391816694,-0.1843053012857665,0.7764024494061873
0.0,0.3643551155756371,-0.1843778101056412,0.7765530690949782
0.0,0.36417781236779534,-0.1844471666954047,0.7767058705192686
0.0,0.3640069757922028,-0.18452183883028228,0.776847826503482
0.0,0.3638327434913988,-0.1845887843819663,0.7770025090131188
0.0,0.3636595731990357,-0.18465604738118246,0.7771526993979849
0.0,0.3634869297727492,-0.1847287164970663,0.777296493429853
0.0,0.3633136953612682,-0.18479472064781816,0.7774471593878022
0.0,0.3631386631870637,-0.18486301358154344,0.7775983518741978
0.0,0.36296646837974356,-0.1849363356660913,0.7777447097344539
0.0,0.36279402356738955,-0.18500573480917942,0.7778895107272722
0.0,0.3626198021074008,-0.1850756999548584,0.7780383654320762
0.0,0.36244981858411657,-0.18514465829854285,0.7781806343239628
0.0,0.36227720079585196,-0.18521392249262952,0.778328539034614
0.0,0.36210118042651435,-0.18528677467208685,0.7784776998867133
0.0,0.36193227285038376,-0.1853539399716514,0.778619832053611
0.0,0.36176444197750246,-0.18541960589998513,0.7787615064319154
0.0,0.36159073290877386,-0.18549008336273068,0.7789056883705058
0.0,0.36141980102057986,-0.18555852894852226,0.7790483620806251
0.0,0.36125231496361926,-0.18563081842442503,0.7791866166793651
0.0,0.3610835929021133,-0.18569477526005163,0.77933256031659
0.0,0.36091462599399365,-0.18576475975873175,0.7794729588218671
0.0,0.36074872053454843,-0.18583159366915536,0.7796152982791638
0.0,0.360579505613846,-0.18590066500952773,0.7797558763240142
0.0,0.3604130201440348,-0.18596892777216162,0.7798946776639166
0.0,0.36024799128048246,-0.186031123366122,0.7800344185898008
0.0,0.36007660746676806,-0.18609673739549315,0.7801779940045537
0.0,0.3599110650642765,-0.1861653922199039,0.7803152507450395
0.0,0.35974493709080974,-0.18623215852415567,0.7804535570999473
0.0,0.3595836422671108,-0.186300160449797,0.7805908897492895
0.0,0.35941977371065786,-0.18636414156836562,0.7807288332085076
0.0,0.35925365213619265,-0.18643221352180234,0.7808662946458031
0.0,0.35908890109935576,-0.18650128909814886,0.78100242455432
0.0,0.3589256734188622,-0.18657118388147576,0.7811366261492539
0.0,0.3587618918021664,-0.1866390500542829,0.7812721425801776
0.0,0.35860091873181027,-0.18670518010563725,0.7814060699740119
0.0,0.35843540352857534,-0.1867781009640396,0.7815409622658922
0.0,0.3582719492002028,-0.186845603747319,0.7816763278972395
0.0,0.3581128464626316,-0.1869123568838001,0.7818085782154423
0.0,0.35795177923864996,-0.1869805428247443,0.7819378519288399
0.0,0.35779112579070105,-0.18704901067196983,0.7820702093226536
0.0,0.3576276137423477,-0.18711683370991647,0.7822047093183778
0.0,0.3574664300383923,-0.18718671789305066,0.7823365716117137
0.0,0.3573049584650095,-0.18725793323185078,0.7824646779133976
0.0,0.35714136508157074,-0.18732836658804836,0.7825981658318627
0.0,0.35698011803980256,-0.1873970119513912,0.7827301953208832
0.0,0.3568208633260011,-0.1874665979610024,0.7828600578195126
0.0,0.35665954489611607,-0.18753490603628512,0.7829925067708083
0.0,0.3564985891253473,-0.1876022655649185,0.7831247081378616
0.0,0.35633646683609477,-0.18767468578629554,0.783255616040758
0.0,0.35617704943304074,-0.18774368585228007,0.7833857705709121
0.0,0.3560199072669422,-0.18780789388996105,0.7835123198582283
0.0,0.3558594486010658,-0.18787741068150307,0.7836427811097503
0.0,0.35569777084383825,-0.1879432813971665,0.7837757278325488
0.0,0.35553857716377574,-0.18801273731254065,0.7839020547655149
0.0,0.35537799801694614,-0.1880809338388628,0.7840328893673327
0.0,0.3552181320799185,-0.18814776987426343,0.7841635088126845
0.0,0.35506354240659943,-0.188213643855293,0.7842869928185827
0.0,0.354908653579351,-0.18827994944955,0.7844107280441279
0.0,0.35474955238656003,-0.1883465765285403,0.7845409800413674
0.0,0.35459311707507307,-0.18841463757319393,0.7846651134030178
0.0,0.3544398716799235,-0.18847435958074948,0.7847900321505786
0.0,0.3542788088229652,-0.18854032952135444,0.7849214977963983
0.0,0.35396844078714695,-0.18867212393765553,0.7851655441994045
0.0,0.3538124898260874,-0.18873543680424099,0.7852943562909427
0.0,0.3536578851759193,-0.18879979656820206,0.7854145314687757
0.0,0.3535037881205052,-0.188860068447252,0.7855391516453335
0.0,0.3533495801146368,-0.18892625414459657,0.7856614729546177
0.0,0.353192922995263,-0.1889881018946274,0.7857873735798069
0.0,0.3530389898547377,-0.18905333538126973,0.7859062565221767
0.0,0.35288208603512305,-0.18911439474840624,0.7860326670876872
0.0,0.3527298622969927,-0.18917799200559157,0.7861508272530227
0.0,0.3525742841654996,-0.18924287444372587,0.7862708359825885
0.0,0.3524207584590175,-0.18930573444360796,0.7863937112699717
0.0,0.3522687619399749,-0.18937327349140498,0.7865097710618976
0.0,0.3521191430124796,-0.1894343088469509,0.7866299004284628
0.0,0.3519673519936393,-0.1894983677064772,0.7867472732008451
0.0,0.35181630656447455,-0.18956377681236788,0.7868666335194273
0.0,0.3516647570547776,-0.18962977896344949,0.7869828710772383
0.0,0.3515077715040956,-0.1896944028153604,0.7871069289580122
0.0,0.3513579507311358,-0.18975783392974777,0.7872223808174637
0.0,0.35120622942245533,-0.18982288967729927,0.7873385803462031
0.0,0.3510538982703058,-0.18989062985508715,0.7874542213793333
0.0,0.35090121146594244,-0.18995228706821066,0.7875727428507578
0.0,0.3507490738611262,-0.19001749011026137,0.7876892676890331
0.0,0.35059698101935394,-0.1900804225370325,0.7878065522601312
0.0,0.35045042510586355,-0.19014471614179554,0.7879222753823734
0.0,0.35030437714009477,-0.1902086432338708,0.7880309406387082
0.0,0.35015176542907805,-0.19027423892574563,0.7881506574711618
0.0,0.35000194794377243,-0.1903381471891214,0.7882653143455677
0.0,0.3498539709064081,-0.19040620699316962,0.7883770253328112
0.0,0.349702071611782,-0.19047189629356878,0.7884923837182175
0.0,0.3495513961962985,-0.19053409842831506,0.7886079708198618
0.0,0.3494051759827291,-0.1905984531873818,0.7887194408764389
0.0,0.3492601670047627,-0.19066226876078068,0.7888268090954621
0.0,0.3491087083378173,-0.19073013912578365,0.7889409262769946
0.0,0.34896168150840134,-0.1907906153331778,0.7890543419383435
0.0,0.34881349245483295,-0.19085497314979022,0.789166964853408
0.0,0.34866593180630623,-0.19091902018321744,0.7892791063932507
0.0,0.348516268093639,-0.19098000755716452,0.7893943139436567
0.0,0.3483704752675891,-0.19104413405263687,0.7895016787006744
0.0,0.3482218502226843,-0.19110389530534402,0.7896166180907888
0.0,0.3480756252317807,-0.19116102275724572,0.789730654215021
0.0,0.347929109001076,-0.19122625306892815,0.7898415283173852
0.0,0.3477845490088226,-0.1912886173498251,0.7899519199106018
0.0,0.3476377781441909,-0.19135110218743415,0.790064061472356
0.0,0.3474933201260887,-0.19141009703644757,0.7901754859781606
0.0,0.3473466808202479,-0.19146816253214666,0.7902890984908253
0.0,0.3472033462214138,-0.1915277122439878,0.7903959707889993
0.0,0.3470556191342029,-0.19158464151978521,0.7905111702215958
0.0,0.3469118104571075,-0.19164363172207946,0.7906222742209275
0.0,0.3467663154778208,-0.19170361439218933,0.7907306578784237
0.0,0.34662011899082307,-0.19175822070467669,0.7908452904256076
0.0,0.3464797777789286,-0.19181612182574806,0.7909503943918832
0.0,0.34633609105572843,-0.19187337151807582,0.7910616154662771
0.0,0.34618950426003414,-0.19193103788345878,0.7911717432691087
0.0,0.34604770497485576,-0.19198927724713155,0.7912813003173399
0.0,0.3459036057826543,-0.19204779643482864,0.7913921747293142
0.0,0.3457624625529424,-0.19210655160207274,0.7914974773262512
0.0,0.34561813919481843,-0.19216532218531207,0.7916086384662421
0.0,0.3454749009485101,-0.19222288385410805,0.7917192728284377
0.0,0.34532975217254436,-0.19228681472615028,0.7918253903230494
0.0,0.34518857354392896,-0.19234610216082293,0.79193045580395
0.0,0.3450482887180721,-0.19240256299143582,0.792035961796117
0.0,0.3449037351031985,-0.1924580187405321,0.7921482447014161
0.0,0.34475984262014225,-0.1925170280293458,0.7922551483870041
0.0,0.3446156505899225,-0.1925744135488751,0.792366372435038
0.0,0.3444773091065288,-0.19263254774613886,0.792469592186239
0.0,0.3443329380627709,-0.19268998567752915,0.7925807046115676
0.0,0.34419181221555334,-0.19275009338286114,0.7926849877141343
0.0,0.3440483871656893,-0.19281036263445026,0.7927909158930159
0.0,0.34390885786767234,-0.19286913912919706,0.7928947500772513
0.0,0.34376889522124915,-0.19292668767302826,0.7929990139416745
0.0,0.34362446860142654,-0.1929826238111717,0.793110633710927
0.0,0.34348446065056476,-0.1930438233213524,0.7932132492409477
0.0,0.343342855918432,-0.19310403054499142,0.7933209935780118
0.0,0.34320568980074084,-0.19316359539503036,0.7934222269455277
0.0,0.3430666574403566,-0.19322076176237443,0.7935256955103003
0.0,0.3429282270485185,-0.1932815496993706,0.7936238653628431
0.0,0.3427927026038684,-0.19334050544505627,0.7937240536161113
0.0,0.3426531294263944,-0.19340009160306654,0.7938269181476179
0.0,0.34251439051310767,-0.19346159266877497,0.7939280180479195
0.0,0.342379166404767,-0.19351772331198552,0.7940256115507476
0.0,0.3422405028563429,-0.19357915328010294,0.7941266751952731
0.0,0.3421062514527504,-0.19363808544132627,0.7942220535466418
0.0,0.3419743014752968,-0.1936994074535989,0.7943179088964164
0.0,0.3418395035267281,-0.193759091176519,0.7944131758478222
0.0,0.3417069869611035,-0.19381642907114843,0.7945111932005389
0.0,0.3415709236985077,-0.19387251146608206,0.7946088423881094
0.0,0.3414413098404209,-0.19393489310705184,0.7946989204885956
0.0,0.34130734375131144,-0.19399655286087525,0.7947892709919419
0.0,0.3411718574537413,-0.1940530836227512,0.7948861956471567
0.0,0.3410402073864809,-0.19411400006918383,0.7949784230699154
0.0,0.34091177658396055,-0.19417483382537531,0.7950647732308629
0.0,0.3407852354819725,-0.19423299439623992,0.7951538629694115
0.0,0.3406552050790101,-0.19429442123830598,0.7952442262532005
0.0,0.3405231899872573,-0.19435649562262655,0.7953326700832412
0.0,0.3403932526139698,-0.1944164243659177,0.7954239153986629
0.0,0.34026296822803526,-0.1944789015694542,0.7955109695465067
0.0,0.3401389745735545,-0.19453561691869983,0.7955922477238133
0.0,0.34000811161152406,-0.19459508165075215,0.7956842070541684
0.0,0.3398795048171731,-0.1946542552490384,0.7957711685231591
0.0,0.3397493926436142,-0.1947178719795332,0.7958570384419839
0.0,0.3396222916762488,-0.1947770112543669,0.7959427214644303
0.0,0.339495993949728,-0.1948412310524438,0.796025329255911
0.0,0.33936981582889986,-0.19490323731686038,0.7961091687494103
0.0,0.339240672231447,-0.19496289381996346,0.7961962662348563
0.0,0.3391154714380306,-0.19502869801588332,0.7962744119060132
0.0,0.33898968757190007,-0.19508882864219595,0.7963555162770133
0.0,0.33886092955275693,-0.19515494239397468,0.7964394142450568
0.0,0.33873244756486215,-0.19521583144609997,0.7965217885526639
0.0,0.33860713149350624,-0.19527763474339788,0.7966014951008943
0.0,0.3384816892200486,-0.1953432769043944,0.7966794648732812
0.0,0.33835744815932894,-0.19540669477237427,0.7967574163158105
0.0,0.3382342786837013,-0.19546992435583127,0.7968351223007749
0.0,0.33810911427110557,-0.19553374793546252,0.7969136438807707
0.0,0.337982051916212,-0.1955962609510511,0.79699426667444
0.0,0.3378583750643076,-0.1956582456464641,0.7970727015575015
0.0,0.33773372274973606,-0.19572288704602414,0.7971472811878275
0.0,0.33760903065471126,-0.19578565311116392,0.7972259258584022
0.0,0.3374856410602246,-0.19584868244292902,0.7973032121783368
0.0,0.3373618370266546,-0.19591270564151103,0.797377203982856
0.0,0.33723928940205683,-0.19597325174434477,0.797451340864037
0.0,0.3371130613557135,-0.19603825244050546,0.7975298259924544
0.0,0.33698973897376466,-0.19610178612439982,0.7976067211499204
0.0,0.33686903948287616,-0.19616629232321786,0.7976778418867685
0.0,0.33674523119319044,-0.19623243459541917,0.7977505615288056
0.0,0.33662130224677717,-0.19629298101067183,0.7978258112933675
0.0,0.33650049120614134,-0.19635927867208733,0.7978929594558688
0.0,0.336378670403873,-0.19641961843652458,0.7979696265948345
0.0,0.3362578403741428,-0.19648372694018562,0.798040682457015
0.0,0.3361399713362188,-0.19654548575199016,0.7981103615479627
0.0,0.3360167581083402,-0.1966089878825786,0.7981835828451972
0.0,0.3358988876421956,-0.19666964879952134,0.7982504678217539
0.0,0.335783465457355,-0.19673247826302115,0.7983183145733566
0.0,0.3356632059509813,-0.19679612837197463,0.7983892781394794
0.0,0.33554556560431725,-0.19685910424777003,0.7984552964333171
0.0,0.3354274401122031,-0.19691993403724564,0.7985224127502496
0.0,0.33530749106668933,-0.19698667619022567,0.7985882929243971
0.0,0.3351884903034166,-0.19704703486805147,0.798656253082925
0.0,0.33507123394296834,-0.19710889075051657,0.7987219866206813
0.0,0.33495670007633804,-0.19716953765781697,0.7987860484653989
0.0,0.33483657467737415,-0.19723060579248486,0.7988543956144813
0.0,0.3347188410384376,-0.19729385227997817,0.7989199411950019
0.0,0.33460323380530893,-0.1973554072852303,0.7989814743725088
0.0,0.3344870522533303,-0.19741678827977238,0.7990465127950132
0.0,0.3343721261894569,-0.19748070133469053,0.7991065115666884
0.0,0.3342550792131916,-0.19754270791242323,0.7991690388352144
0.0,0.3341384916938628,-0.1976073101406069,0.7992331314900623
0.0,0.3340221011482286,-0.1976716646643653,0.7992934990744371
0.0,0.33390674789344055,-0.19773701477857553,0.799352900692844
0.0,0.3337902848065875,-0.19780397921031112,0.7994157844542843
0.0,0.33367355047903197,-0.1978670600264158,0.7994738710334991
0.0,0.3335570986079182,-0.19793114830943426,0.7995349007844612
0.0,0.3334378443484651,-0.19799746375959054,0.7995936139630938
0.0,0.3333237013432887,-0.19806115583398898,0.7996530475520875
0.0,0.3332070710390741,-0.19812808823489902,0.7997128147324395
0.0,0.3330945270071492,-0.19818998136132138,0.7997684321371727
0.0,0.3329761447760139,-0.19825700452860925,0.7998292971329242
0.0,0.33286281761381625,-0.19832830985590777,0.799881187856665
0.0,0.33274696670997445,-0.19839560046339297,0.7999369387378209
0.0,0.3326365140105644,-0.198460825097927,0.7999895208841196
0.0,0.3325231421185719,-0.19853019914869763,0.8000456345538631
0.0,0.3324110574382075,-0.1985971937715312,0.8000986297270184
0.0,0.33229934721305915,-0.19866533335002834,0.8001508509908073
0.0,0.33218508403714764,-0.1987331544776414,0.8002052473229981
0.0,0.332071784052184,-0.19879931040830853,0.8002594225479815
0.0,0.331959416447916,-0.19886752501825544,0.8003121945206609
0.0,0.3318491964828083,-0.19893667623186007,0.8003595440365423
0.0,0.3317357494055923,-0.19900555786009394,0.8004126684919868
0.0,0.33162548446802237,-0.19907171389474487,0.8004611738160251
0.0,0.3315127696083489,-0.19913994860123718,0.8005141677910215
0.0,0.3313985445221796,-0.19921088824657512,0.8005637371736215
0.0,0.3312885259059986,-0.1992734625015466,0.8006171903854225
0.0,0.33117981807499386,-0.1993430461375184,0.800663209946734
0.0,0.33107219906699525,-0.19941269855715305,0.8007085676306382
0.0,0.3309620041454252,-0.1994782374848374,0.8007572172779968
0.0,0.33085067752958064,-0.1995455346243053,0.8008095760134498
0.0,0.33074254526913555,-0.19961218207853107,0.8008563471290072
0.0,0.3306338062690366,-0.199682251339175,0.8009050548079201
0.0,0.33052818633811054,-0.19974447004209542,0.8009518179036406
0.0,0.3304217996375588,-0.19981439624327266,0.800995750363615
0.0,0.33031233882585265,-0.19988473670755952,0.8010417691925227
0.0,0.33020324923669475,-0.19995073389937668,0.8010895856488534
0.0,0.33009649173216343,-0.2000182155558966,0.8011348163665237
0.0,0.3299882855175503,-0.20008624162573124,0.8011808189476914
0.0,0.3298805522216323,-0.20015243632236046,0.8012271872976602
0.0,0.32977626310543623,-0.20022293343412828,0.8012659792005101
0.0,0.32966758024422954,-0.20029053376428127,0.8013123377814578
0.0,0.32956045108508225,-0.20036185039958754,0.8013559734730167
0.0,0.32945648873320194,-0.2004294743226938,0.801398743362983
0.0,0.3293516014962213,-0.20049688335072724,0.8014424194167885
0.0,0.3292497003117365,-0.20056757002738007,0.8014794862276079
0.0,0.32914381711604945,-0.20063654138340914,0.8015235629117732
0.0,0.3290415724776466,-0.2007065261846156,0.8015644993989622
0.0,0.3289379912072147,-0.2007778563111989,0.8016058737415606
0.0,0.3288344405375098,-0.20084931356423627,0.8016436194640199
0.0,0.3287296593546744,-0.20091793149628556,0.8016869673677072
0.0,0.32862592220906184,-0.20098585464271748,0.8017262185219073
0.0,0.3285187992017249,-0.20105640595108365,0.8017703037209422
0.0,0.32841237001545914,-0.2011304429032781,0.801809099306174
0.0,0.32831108161039,-0.2012013736054536,0.801845478368765
0.0,0.32820398100505743,-0.20126978795646217,0.8018900816315495
0.0,0.32809891921546047,-0.20133950901884934,0.8019294346316914
0.0,0.32799512153209487,-0.20140970164531388,0.8019678425668115
0.0,0.32788497398049066,-0.20148203716905042,0.8020131322709171
0.0,0.3277807352742439,-0.2015546893766659,0.8020508259508292
0.0,0.32767846459128985,-0.2016269159293441,0.8020839128359775
0.0,0.3275767283112543,-0.2016969262514821,0.8021244325892549
0.0,0.3274764850853876,-0.2017654551210029,0.8021609993672435
0.0,0.3273726874786682,-0.20183904936229713,0.8021980117988314
0.0,0.32727167827984127,-0.20190953970673098,0.8022342865927499
0.0,0.3271657046893808,-0.20197993579232,0.8022772492494962
0.0,0.32706072151633214,-0.20205171323747811,0.8023125366821422
0.0,0.3269579626246389,-0.20212034947084226,0.8023538530508508
0.0,0.3268563040995539,-0.2021925515684483,0.8023898774746016
0.0,0.3267536897666888,-0.20226548779997625,0.8024261927718348
0.0,0.3266510326182854,-0.20233451844560577,0.8024641155014199
0.0,0.32654735166822707,-0.20240975735079136,0.8024998366810644
0.0,0.32644768317438866,-0.20247918432776946,0.8025354378778553
0.0,0.32634538977673794,-0.20255497398291747,0.8025667544787002
0.0,0.3262450829726319,-0.20262530795337216,0.8026022717502467
0.0,0.3261472653657844,-0.20269874786963496,0.8026349304272336
0.0,0.32604820317904293,-0.20277422841235404,0.8026676259897207
0.0,0.32595120588972465,-0.20284553690794693,0.8026971685076975
0.0,0.3258508478147944,-0.20291837984101196,0.8027316754777686
0.0,0.32574986569425646,-0.20299413104595218,0.8027652788913401
0.0,0.32565575939927216,-0.20306040926735527,0.8027948457430026
0.0,0.3255503422262707,-0.2031361029565365,0.8028316126940205
0.0,0.32545379840621624,-0.2032071952142217,0.8028609007922275
0.0,0.3253558298514188,-0.2032805322094542,0.8028902598190101
0.0,0.3252623199381818,-0.20335091545754758,0.8029178651762146
0.0,0.32516380419071356,-0.2034210102532492,0.802952087877021
0.0,0.32506364679066,-0.20349312582892187,0.8029835437668448
0.0,0.32497033899654465,-0.20356652077045503,0.8030094293713473
0.0,0.3248739573219864,-0.2036367669289111,0.8030388194800241
0.0,0.32477701625886046,-0.20371059795915622,0.8030670763159882
0.0,0.3246842016278207,-0.20378571961789185,0.8030919121802106
0.0,0.32458919383312185,-0.2038596125780505,0.8031220676053972
0.0,0.3244978346433364,-0.20393312976109848,0.803146508693052
0.0,0.32440393449431376,-0.20400631129351376,0.8031696239735431
0.0,0.3243064338215938,-0.2040870238716298,0.8031952482459901
0.0,0.3242096143897347,-0.20415850691538176,0.8032245101467848
0.0,0.3241141190401209,-0.20423242996136398,0.803248217701221
0.0,0.32401723877038296,-0.20430833833294065,0.8032755336615778
0.0,0.3239242985008876,-0.20438132019354244,0.8033012160402988
0.0,0.3238273968753601,-0.2044626136549232,0.8033229241803622
0.0,0.32373576418260497,-0.20453688173156792,0.8033468810041017
0.0,0.32364350793249996,-0.20461199175562425,0.8033711374221691
0.0,0.32354985650542545,-0.2046877129158799,0.8033927754043225
0.0,0.323456925040258,-0.2047674854478884,0.8034155831243505
0.0,0.3233641430029642,-0.20484888701900472,0.803434265290579
0.0,0.3232733321178901,-0.20492323485989183,0.8034576665504968
0.0,0.3231784705464697,-0.20500521830533922,0.8034772785159576
0.0,0.32308883610105116,-0.20508224871520486,0.803495447562034
0.0,0.3229971224007183,-0.2051606741050512,0.8035176189690981
0.0,0.3229066531872879,-0.20524069085348814,0.8035352642764462
0.0,0.32281441217999723,-0.20532083912780347,0.8035536798601782
0.0,0.3227284557463867,-0.2054018874224001,0.8035642382927864
0.0,0.32263680935281513,-0.20548092058371362,0.8035826911325108
0.0,0.3225460279928063,-0.20555766657666635,0.803601720135779
0.0,0.3224535620220099,-0.20563963205151153,0.8036194556203516
0.0,0.3223624347533608,-0.20571921932014708,0.8036375704549537
0.0,0.3222751064393452,-0.20580014558963933,0.8036488093461573
0.0,0.32218588180418595,-0.20587939029830693,0.8036654182361591
0.0,0.3221006150288974,-0.20595847540612813,0.8036794936731095
0.0,0.3220142737757267,-0.20604110809986878,0.8036895529934106
0.0,0.32192807450219785,-0.20612493572804863,0.8037023279452973
0.0,0.32184214321655336,-0.20620303505418977,0.8037171735410498
0.0,0.3217560460353789,-0.20628506867949423,0.8037271443590052
0.0,0.32166826729028175,-0.20636337720434994,0.8037430574248274
0.0,0.3215853076122086,-0.20644465731689765,0.803751154520524
0.0,0.3214983593049098,-0.20652696191580572,0.8037615895824691
0.0,0.3214143090022346,-0.20660903352855503,0.8037699149752388
0.0,0.32133067011597466,-0.20669123011474544,0.8037778749361398
0.0,0.3212461917934134,-0.20677193181463982,0.8037902690995107
0.0,0.32116691604597936,-0.20685489417225897,0.803794988842681
0.0,0.32108281249874115,-0.2069384543668334,0.8038028906489716
0.0,0.3209982117496693,-0.20702354233787734,0.8038102707894406
0.0,0.3209175785360648,-0.20710867961517743,0.8038118621552144
0.0,0.32083679144848704,-0.20719318231909672,0.803813517572565
0.0,0.3207570671155161,-0.2072765915687305,0.8038184699681545
0.0,0.3206750936007496,-0.2073655002149591,0.8038191373715057
0.0,0.3205937078363253,-0.20745045652468802,0.8038244370351896
0.0,0.3205083584467995,-0.20753666181269337,0.8038284174142367
0.0,0.3204274164128084,-0.20762433748738715,0.8038321775904318
0.0,0.3203500866699442,-0.2077083241900472,0.8038318205000313
0.0,0.32026996975992517,-0.20779483198378768,0.803832059720476
0.0,0.3201902347891186,-0.20788260616391468,0.8038284625410194
0.0,0.3201087657215672,-0.2079746187391417,0.8038271788399288
0.0,0.32002919687257625,-0.2080653921548445,0.8038218128846737
0.0,0.3199492026835698,-0.20815294852305669,0.8038245303421439
0.0,0.31986929228713734,-0.20824337094675596,0.8038196267622124
0.0,0.3197902424779735,-0.20833123235081408,0.8038182282576092
0.0,0.3197113697899741,-0.20842595290607863,0.8038107431670208
0.0,0.3196310166607095,-0.20851764015217852,0.8038055738803125
0.0,0.3195533335170585,-0.20860498131607094,0.8038037210874619
0.0,0.3194748598813275,-0.20869541596828992,0.8037978569586314
0.0,0.3193951071754885,-0.2087850481473949,0.8037931416621896
0.0,0.31931950046804625,-0.2088796586707396,0.8037833965006891
0.0,0.31923914210689347,-0.2089727503642763,0.8037775160187534
0.0,0.319162689868544,-0.20906001799335627,0.8037681740809418
0.0,0.319086023093121,-0.20915250992482654,0.8037598847489589
0.0,0.31900682254685797,-0.2092453790520853,0.8037532234477204
0.0,0.3189323128390178,-0.20933959362985657,0.8037428914419796
0.0,0.3188561333051777,-0.20943461002800173,0.8037297034619559
0.0,0.31877876395169336,-0.20952781713002772,0.8037215777642873
0.0,0.3187046802005372,-0.20961963376682236,0.803708469280323
0.0,0.31863034845193683,-0.20971421622198833,0.8036943099777557
0.0,0.3185540604339845,-0.20980745143514873,0.8036819997131804
0.0,0.3184756226310721,-0.20990219500492002,0.8036705057408451
0.0,0.31840354862998393,-0.20999736372070743,0.8036543240735992
0.0,0.31825642013760536,-0.2101807966066135,0.803630479020771
0.0,0.3181827261642316,-0.2102739927658553,0.8036164293578084
0.0,0.3181086022269988,-0.21036947658748184,0.8036016607927206
0.0,0.31803511848408605,-0.21046661040663822,0.8035824086106718
0.0,0.31796309977408393,-0.21055954449058661,0.8035673600598522
0.0,0.31789224292871854,-0.21065154612930775,0.8035518039453501
0.0,0.3178228740305116,-0.21074540407419082,0.8035343159351795
0.0,0.3177510430754978,-0.2108429785058625,0.8035168391479858
0.0,0.31767985469083926,-0.2109376040059711,0.8034999699408698
0.0,0.3176098816512146,-0.21103313810174235,0.803481980499653
0.0,0.3175380574458876,-0.2111315861661449,0.8034605029703678
0.0,0.3174701965487878,-0.211226291580791,0.8034415730478173
0.0,0.3173939687768052,-0.2113233218782772,0.8034271480246797
0.0,0.3173246538938733,-0.2114234112390647,0.8034068493403111
0.0,0.31725393406732777,-0.21151988180743525,0.8033856781176182
0.0,0.3171810093068209,-0.21162140157202197,0.803363507327469
0.0,0.3171108315268375,-0.21171834239076426,0.8033449770178316
0.0,0.3170402253021964,-0.21182043182834842,0.8033208748213595
0.0,0.3169698627909837,-0.21192196292520996,0.8032969865281794
0.0,0.3168999755406132,-0.2120235552623765,0.803275934168287
0.0,0.3168306748527706,-0.21212337722530392,0.8032520553593795
0.0,0.3167579573807274,-0.21222378132227937,0.8032332174202975
0.0,0.3166889617770649,-0.21232840467079306,0.8032036360111903
0.0,0.31661735449074646,-0.21243487950487455,0.803178518773043
0.0,0.3165489517061867,-0.21253808780348826,0.8031524565683844
0.0,0.3164785028288373,-0.21264021603409713,0.8031284092152347
0.0,0.31641049697930707,-0.2127436512564739,0.8031015489607517
0.0,0.31633982165338914,-0.21284760225477067,0.80307689152689
0.0,0.3162720387553804,-0.21295140817745822,0.8030467172261777
0.0,0.3162018961942855,-0.2130604411207345,0.8030192833151377
0.0,0.31613041134586406,-0.21316457478224152,0.8029945991027214
0.0,0.3160618074631212,-0.21327020566428528,0.8029672622472674
0.0,0.3159921307074068,-0.21337818771584707,0.802939521463591
0.0,0.3159214371535388,-0.2134877894107318,0.8029086980587536
0.0,0.3158527423380702,-0.21359309129059356,0.8028815501271183
0.0,0.3157837403525974,-0.2137016200165344,0.8028529954973219
0.0,0.3157160649065728,-0.21380535056401695,0.8028256736286884
0.0,0.31565344754087243,-0.21391266568741582,0.8027900424879042
0.0,0.3155848454803866,-0.2140226717449475,0.8027605238371939
0.0,0.31551859313926683,-0.21413159842010634,0.8027298588493753
0.0,0.3154526933494274,-0.21423595782635263,0.8026977585191993
0.0,0.31538711694385807,-0.21434216357314229,0.8026677642582377
0.0,0.31532178784988946,-0.21444552730277838,0.8026355550188997
0.0,0.31525268724041067,-0.2145558454391325,0.802606249506507
0.0,0.31518774798866245,-0.2146685477642891,0.8025697548869896
0.0,0.3151219728190884,-0.21477295271818914,0.802540638707006
0.0,0.31505696362537783,-0.21488396050503608,0.8025045079350603
0.0,0.3149897278404239,-0.21499116011410324,0.8024749987339588
0.0,0.3149277444817306,-0.21510406762188614,0.8024359574575584
0.0,0.3148595761054067,-0.21521328285697575,0.8024061415116678
0.0,0.3147956742774342,-0.21532285895996991,0.8023732389319705
0.0,0.31473060311912365,-0.21543345006224837,0.8023372161139996
0.0,0.3146671883806881,-0.21554822074492408,0.8022982124928687
0.0,0.31460388405545986,-0.2156568310390197,0.8022618376808178
0.0,0.3145382139989955,-0.21576966192479102,0.8022287682609719
0.0,0.3144749064933725,-0.21587819585163726,0.8021924435433113
0.0,0.31441114500503875,-0.21598877217592577,0.8021584216279811
0.0,0.3143461085252123,-0.21610471473416534,0.8021197462855587
0.0,0.31428113966469334,-0.2162170429975207,0.8020826501971998
0.0,0.3142162725291321,-0.2163291825150187,0.802045533627867
0.0,0.3141515068239701,-0.21644091326028148,0.8020117048028665
0.0,0.3140882464123005,-0.2165565703821409,0.8019685371557634
0.0,0.31402521852059967,-0.21667074560424837,0.8019291077768262
0.0,0.313962339299639,-0.21678545037023994,0.801889403768794
0.0,0.3138987480198958,-0.2169011560353153,0.8018495411651927
0.0,0.3138377916827921,-0.21701711785719835,0.8018077989019079
0.0,0.3137770574874975,-0.21713262741127723,0.8017660325943847
0.0,0.31371409300885017,-0.21724966037533333,0.8017250562789042
0.0,0.3136520971166507,-0.2173660327127225,0.8016836963380981
0.0,0.3135922730603548,-0.21748333887927893,0.8016370892833794
0.0,0.31353022841093625,-0.21760360266743273,0.8015939377880159
0.0,0.3134695553532768,-0.21772368629789648,0.8015465229289169
0.0,0.31341391075478875,-0.2178429039887307,0.8014962126865236
0.0,0.31335445377528515,-0.2179609695620336,0.8014488357773615
0.0,0.3132965478003444,-0.21807973358575394,0.8014035065253272
0.0,0.31323602080525276,-0.2182013700705767,0.8013582531676482
0.0,0.3131780015448576,-0.21832113961059854,0.8013089916540168
0.0,0.3131231237559828,-0.21844376289134776,0.8012560457634793
0.0,0.31306659103877826,-0.21856119309569533,0.8012067173139161
0.0,0.3130082557560809,-0.21868116191070822,0.8011575089965104
0.0,0.31295227082227695,-0.21880430115704902,0.8011019021875306
0.0,0.3128927697036134,-0.21892255661237747,0.8010539546280641
0.0,0.3128351077987201,-0.21904370876786428,0.801003697975406
0.0,0.312777078831933,-0.21916287215489638,0.800954188341105
0.0,0.3127203534995195,-0.2192833526523348,0.8009034219992933
0.0,0.31266423376941,-0.21940195873325577,0.8008496170523215
0.0,0.3126096763862091,-0.21952071609445978,0.800798188611127
0.0,0.3125513754578468,-0.21964313045721218,0.8007471160123849
0.0,0.3124929252632716,-0.21976580916346816,0.8006928006565399
0.0,0.31243519206049697,-0.21988880458221727,0.8006410058121799
0.0,0.3123776808789332,-0.22001228783661203,0.8005891510301305
0.0,0.31232305985392705,-0.22013240561360675,0.8005335981698938
0.0,0.3122680830134565,-0.22025699641706223,0.8004792052952666
0.0,0.3122100721799119,-0.22038177859690405,0.8004269340597973
0.0,0.31215092792579885,-0.2205055430889958,0.80037587497064
0.0,0.3120920645243045,-0.22063307191891782,0.8003196070642224
0.0,0.3120335249523975,-0.22075802373230496,0.8002705863985186
0.0,0.31197641134426585,-0.22088616003897565,0.8002126330049466
0.0,0.3119159192184579,-0.22101324183234297,0.8001571958005339
0.0,0.3118585401111974,-0.2211396419799347,0.8001032624476866
0.0,0.3118019040053997,-0.22127083074838455,0.8000434830934001
0.0,0.31174227135595745,-0.2213971311117131,0.7999912138264806
0.0,0.31168808032705564,-0.22152363649094214,0.7999352327464122
0.0,0.31162944143846094,-0.22165834125308295,0.7998749467354342
0.0,0.3115733647108742,-0.2217851224753205,0.7998168934594109
0.0,0.31151542482465006,-0.2219159876578226,0.7997612159776074
0.0,0.3114567330398977,-0.2220478890929852,0.7997023947515922
0.0,0.31140081989199087,-0.22217972638977695,0.7996413977976367
0.0,0.3113450653366231,-0.2223111117864344,0.7995805457934193
0.0,0.3112925286918994,-0.22243957642403217,0.7995188869134857
0.0,0.3112316593713747,-0.2225740556044989,0.7994631381604983
0.0,0.3111788436477618,-0.22270665636050063,0.7993998219642118
0.0,0.3111238080655818,-0.22283662727177608,0.799342272191199
0.0,0.31107048759606637,-0.22296649218464198,0.799280306728519
0.0,0.31101928381960353,-0.22309903305905696,0.7992158312819918
0.0,0.3109649438781941,-0.22323422491005465,0.7991518916569827
0.0,0.3109085961538811,-0.22336732893180855,0.7990902148253914
0.0,0.31085539944105844,-0.223498933770446,0.799030397166483
0.0,0.31080508717568367,-0.2236280187145127,0.7989664951296381
0.0,0.3107498324718295,-0.22376490617863612,0.7989021356992312
0.0,0.31069408268417587,-0.2238974746254293,0.7988401039051917
0.0,0.3106419686995273,-0.2240320424901802,0.7987745440205019
0.0,0.3105909425944032,-0.22416409655474917,0.7987093116842819
0.0,0.3105375094174733,-0.22430132895731092,0.7986400290185431
0.0,0.3104863169206857,-0.2244357665509806,0.7985738850241421
0.0,0.3104334007290215,-0.2245709975664414,0.7985083870094715
0.0,0.31038204548281717,-0.22470803941680903,0.7984409847528146
0.0,0.31033377919570215,-0.22484303168602554,0.798372478427804
0.0,0.310286506682123,-0.22497966704469477,0.798302459968932
0.0,0.31023413861557153,-0.22511685420673322,0.7982353692556894
0.0,0.31018202758827673,-0.22525445062634974,0.7981680211857165
0.0,0.310133979672596,-0.2253918868331219,0.7980947255478259
0.0,0.31008150989356936,-0.22553063483559055,0.7980269216444309
0.0,0.3100306028974693,-0.22567113160720922,0.79795373249798
0.0,0.3099803080373476,-0.2258146666387027,0.7978787093345352
0.0,0.3099295987098376,-0.2259512488202767,0.797810607100867
0.0,0.3098818086703277,-0.22608858483420713,0.7977402014498072
0.0,0.3098299237044215,-0.22622910669075957,0.7976673538955518
0.0,0.30978372516668584,-0.22637047093379245,0.7975905238472549
0.0,0.3097321992451262,-0.22651349615935729,0.7975198148874925
0.0,0.30968533716120217,-0.2266540073903992,0.797443699167504
0.0,0.3096398782269946,-0.22679372242892876,0.7973700704787963
0.0,0.3095874482481446,-0.22693762114715366,0.7972959134230027
0.0,0.3095392526723906,-0.22708199582752855,0.7972187630405638
0.0,0.3094932532965087,-0.2272230671541052,0.797141531553722
0.0,0.30944405633674643,-0.227363631092134,0.7970697160227743
0.0,0.3093933506935168,-0.2275086669332553,0.7969937720762283
0.0,0.30934476107112874,-0.22765042123089457,0.7969209120915434
0.0,0.30930030808938375,-0.2277928939720345,0.7968417603602885
0.0,0.3092524983463071,-0.22793680259405458,0.7967642719282505
0.0,0.3092033765610449,-0.22807989481721566,0.7966877594728633
0.0,0.3091564169866427,-0.2282231286863629,0.7966100204746918
0.0,0.30910756601571016,-0.22836639001814538,0.7965331626904331
0.0,0.30906301890455934,-0.22850595108063404,0.796455107832551
0.0,0.30901703289661264,-0.22865205151569237,0.7963748581070801
0.0,0.3089698040527357,-0.22879814803377135,0.7962953958949593
0.0,0.3089247596510875,-0.22893965154379864,0.7962165489065283
0.0,0.3088808932116449,-0.2290887744820529,0.7961295735541134
0.0,0.3088356746255525,-0.2292326127688231,0.7960528783552757
0.0,0.3087903932798777,-0.22937722547374775,0.7959694885896641
0.0,0.30874561121888405,-0.22952806370043632,0.7958857173837495
0.0,0.3087000781094053,-0.22967438305966137,0.7958044260770805
0.0,0.3086553090024614,-0.2298217843718988,0.7957221717982914
0.0,0.308610245574209,-0.2299703660242911,0.7956361604091008
0.0,0.3085629941294312,-0.2301233741288746,0.7955494259085233
0.0,0.30851404643125363,-0.23027230354222628,0.7954692549755751
0.0,0.30846958690254084,-0.23042278795374285,0.7953816178381475
0.0,0.3084229148217559,-0.23057846520530265,0.7952927517627191
0.0,0.30838049845636256,-0.23073130781446916,0.7952058002269508
0.0,0.3083348704284814,-0.23088698148661657,0.7951162457750668
0.0,0.30828998623272574,-0.2310429526459362,0.7950259488435759
0.0,0.3082461397654328,-0.23119901483185576,0.7949350777704499
0.0,0.30820094139169657,-0.23135755438578232,0.7948468587707027
0.0,0.3081543329242018,-0.2315139563937249,0.7947575532053145
0.0,0.30811044705498314,-0.2316695608043693,0.7946665374332093
0.0,0.30806305766057035,-0.23182902526111362,0.7945757571422164
0.0,0.3080163839598617,-0.23198340067307638,0.7944903096609678
0.0,0.307971837336805,-0.23214424011485857,0.7943970699662625
0.0,0.3079277374371433,-0.23230496343953244,0.7943030743344196
0.0,0.3078845339336247,-0.2324628362403092,0.7942100104931236
0.0,0.307840880982195,-0.23262270058226145,0.7941159680498532
0.0,0.3077982050958619,-0.23278273533927882,0.7940215886380045
0.0,0.3077564017900732,-0.23294207792255822,0.7939300135940095
0.0,0.3077109991801542,-0.23310392047898632,0.7938328494326627
0.0,0.30766698666565734,-0.23326452113668336,0.7937386175874848
0.0,0.307625952697734,-0.23342792345656704,0.7936411597470874
0.0,0.30758568171105544,-0.23358691324922895,0.7935450839482548
0.0,0.30754236154042747,-0.2337490260114433,0.7934526968797083
0.0,0.30750215909047734,-0.23391138476660467,0.7933547041578949
0.0,0.30746090107097634,-0.23407606039593695,0.7932561113184173
0.0,0.3074173667717966,-0.23423955991562873,0.7931596641671393
0.0,0.3073745055082394,-0.23440367174822277,0.7930588745173254
0.0,0.3073350029102146,-0.23456311515142259,0.7929649547508393
0.0,0.3072914085715259,-0.23472959399626256,0.7928634766105704
0.0,0.3072545258166557,-0.2348922312159287,0.7927626015747238
0.0,0.30721342400393303,-0.23505649832456216,0.7926636737261075
0.0,0.3071756190126761,-0.23522221860946713,0.7925617804886874
0.0,0.30713862660717683,-0.2353868212881981,0.7924598079872104
0.0,0.30709878874511354,-0.2355527435715314,0.7923555613574393
0.0,0.30705767701447906,-0.23571482682119171,0.7922604805581621
0.0,0.30702042764699466,-0.235881694683363,0.7921537778472255
0.0,0.3069841572724617,-0.23604773881630658,0.7920501711783452
0.0,0.306943584547245,-0.23621718110053463,0.7919476945983157
0.0,0.3069084421142438,-0.2363838091946738,0.7918431666802902
0.0,0.30687626007154095,-0.23654945239671565,0.7917368573179927
0.0,0.30684131964006706,-0.2367155011903201,0.7916320741905275
0.0,0.30680473574698486,-0.23688572977487043,0.7915229452943319
0.0,0.3067678389243857,-0.23705326656438652,0.791418789779069
0.0,0.3067294725702468,-0.23722350041171786,0.7913107996094407
0.0,0.3066942685853945,-0.23739151906783104,0.7912048157233772
0.0,0.3066601954723275,-0.237558712005371,0.7910953444135952
0.0,0.30662366663539786,-0.2377288633804195,0.790988893721378
0.0,0.30659178177389534,-0.23789813310705496,0.7908798555713817
0.0,0.3065558713417416,-0.2380650029291982,0.7907714650717336
0.0,0.30651887736235994,-0.23823388985017993,0.7906658653201643
0.0,0.3064857404885416,-0.23840359870004457,0.7905571185568933
0.0,0.3064530512456473,-0.2385740679860177,0.7904442652461197
0.0,0.3064231731878072,-0.23874065132955513,0.7903350482421218
0.0,0.3063913694362429,-0.23890886605642123,0.7902227709486205
0.0,0.306357542048055,-0.23908028740164172,0.7901098349871617
0.0,0.30632414698984917,-0.23925024382838334,0.7899973027029815
0.0,0.3062940034757109,-0.2394233157995595,0.7898808858220292
0.0,0.30625731507983356,-0.23959573033349627,0.7897724270119076
0.0,0.30622587083455816,-0.23976564350342536,0.7896583462082958
0.0,0.30619252681269166,-0.2399417415920383,0.789542417648054
0.0,0.30615924700641317,-0.24011162059254398,0.7894293710063387
0.0,0.3061261376822128,-0.24028623496301632,0.7893139571025194
0.0,0.30608805806512607,-0.24045966711869324,0.7892021555917611
0.0,0.3060554470201084,-0.24063563692818157,0.7890858300010472
0.0,0.30601789422262193,-0.24081259186265014,0.7889719312134327
0.0,0.30598335783903,-0.2409891689789388,0.7888557257664397
0.0,0.305951465841512,-0.24116742170690209,0.7887370704112996
0.0,0.30591468066639255,-0.24134506939767705,0.7886217372810571
0.0,0.30587682604390243,-0.24152628144796076,0.788505287556596
0.0,0.30583902354573916,-0.241707224164666,0.7883889738446995
0.0,0.3058054109506594,-0.2418842142801525,0.7882720650746504
0.0,0.30576886667243963,-0.24206313801815846,0.7881555004970111
0.0,0.3057299488334975,-0.2422458386064995,0.788035484892523
0.0,0.3056906161273327,-0.24242654602409075,0.787919880283183
0.0,0.3056504117222316,-0.24260820073864375,0.7878043400815725
0.0,0.3056156943260812,-0.24278928101619576,0.7876852227354285
0.0,0.30558099149175544,-0.24297312968819476,0.787561056799364
0.0,0.30554378572844554,-0.2431563441227012,0.7874421647915041
0.0,0.3055085438367331,-0.24333680281760994,0.7873234310710159
0.0,0.3054702871750527,-0.24352178795237106,0.7872044401528012
0.0,0.30543116862842135,-0.24370464129226682,0.7870869034504335
0.0,0.3053979314823666,-0.24388580830735102,0.7869660287228266
0.0,0.305360801053133,-0.24406868116994596,0.7868434695239847
0.0,0.30532484390373654,-0.24425214461049402,0.7867230165089496
0.0,0.30528430138239737,-0.24443684644442765,0.786605210953099
0.0,0.3052476274187663,-0.2446163788318169,0.7864871632599804
0.0,0.305209808909857,-0.24480247941065014,0.7863628169404194
0.0,0.3051717231193387,-0.244986387858687,0.7862432058782041
0.0,0.3051402593142747,-0.24516766846129795,0.7861203573808692
0.0,0.305104233989493,-0.24535237142746313,0.7859989580546562
0.0,0.3050655567334988,-0.24554035992463508,0.7858774074290358
0.0,0.3050316340971574,-0.24572209521932514,0.7857559101567356
0.0,0.3049975226687337,-0.24590887222460608,0.7856281089619481
0.0,0.30496241647797967,-0.2460932317658593,0.7855058501638108
0.0,0.3049280455824951,-0.24628001685985576,0.7853813234243862
0.0,0.30488922670498037,-0.24646789650110618,0.785255976063172
0.0,0.30485662394894025,-0.24665289291790854,0.7851310244023502
0.0,0.3048252362418774,-0.24683616279093645,0.785002928265457
0.0,0.30479048361591843,-0.24702361161164232,0.7848781098766102
0.0,0.3047589020104419,-0.24720901761218816,0.7847521768983704
0.0,0.3047258175452612,-0.24739543506219314,0.7846231365189517
0.0,0.3046927868271359,-0.24758240740067355,0.7844972049429157
0.0,0.30466374411638675,-0.24776978226670648,0.7843647671374707
0.0,0.30463206848472796,-0.24796317952878505,0.7842307229544201
0.0,0.304604155593235,-0.24814960068607575,0.7840977598528344
0.0,0.3045733641580776,-0.248338600058285,0.783965202240009
0.0,0.30454655555705146,-0.24852819323034447,0.7838260685934111
0.0,0.30451720083460854,-0.24871867612042675,0.7836914996540713
0.0,0.3044913754490587,-0.24890738030257867,0.7835551973786203
0.0,0.3044627535942524,-0.2490966390066227,0.7834206308848028
0.0,0.3044330957380059,-0.2492868915330965,0.7832826057796893
0.0,0.3044074141913597,-0.24947272550674215,0.7831477249026348
0.0,0.30438356579144865,-0.24965825612110204,0.7830082318419062
0.0,0.30435712649038454,-0.24984599268002539,0.7828726567547583
0.0,0.30432999207589345,-0.2500351424493855,0.7827328781637147
0.0,0.3043042548400847,-0.2502237409904471,0.7825923799590431
0.0,0.3042768204737578,-0.25041719329853374,0.7824503415432466
0.0,0.3042524669358277,-0.25060886534217686,0.7823105733285786
0.0,0.30422731052498425,-0.2508019903595577,0.7821670274700283
0.0,0.30420325446689245,-0.2509900531266578,0.782028953551031
0.0,0.3041797881085776,-0.2511843391712851,0.781883376593734
0.0,0.304152525588538,-0.25137894144900025,0.7817438375558753
0.0,0.30412696090495583,-0.2515704385932778,0.7816010042569468
0.0,0.304097028908899,-0.2517663751395677,0.7814584878743516
0.0,0.30406698871308624,-0.25196085667768964,0.7813170284784963
0.0,0.3040392678849576,-0.2521556881328887,0.7811699086152449
0.0,0.3040102101015066,-0.2523541759445521,0.7810250279108686
0.0,0.3039827525576804,-0.25255143804840036,0.7808797566746988
0.0,0.3039534450444402,-0.2527492275135195,0.7807353296554517
0.0,0.3039246211511736,-0.2529489864595462,0.7805859292613128
0.0,0.3038978457089457,-0.2531511502705813,0.7804371445082255
0.0,0.3038677302618281,-0.2533500310221231,0.7802923902773228
0.0,0.30384247533591796,-0.2535497128398493,0.7801400932747807
0.0,0.30381335851995683,-0.2537519316814666,0.7799923505438459
0.0,0.3037837268400955,-0.2539553144165269,0.7798444319678127
0.0,0.30375766126797327,-0.2541562056367157,0.7796951055196835
0.0,0.30372742263174624,-0.254359136172393,0.7795440302162003
0.0,0.30370180961431936,-0.2545569655505752,0.7793959000194993
0.0,0.3036746434848081,-0.2547620351484566,0.7792413596128519
0.0,0.303646900295734,-0.25496483316742397,0.7790915103607421
0.0,0.30362120836811907,-0.2551684433158208,0.7789363899414894
0.0,0.30359312399372423,-0.25536933230456715,0.7787913995216597
0.0,0.30356746647097727,-0.2555730896940098,0.7786359453406019
0.0,0.303545470820993,-0.25577843335300326,0.7784801581535095
0.0,0.3035166830574497,-0.255983495733334,0.7783292910122918
0.0,0.3034907758353822,-0.2561891774773265,0.7781758420201214
0.0,0.30346460484003146,-0.2563927870571612,0.7780237527817951
0.0,0.30343989287599876,-0.25659939892115297,0.7778686756442882
0.0,0.30341454927687384,-0.2568037541793555,0.7777155520344451
0.0,0.3033910303845595,-0.2570064268458459,0.7775620525790646
0.0,0.30336901818637224,-0.2572092242898657,0.77740723685184
0.0,0.3033468359056909,-0.2574180211639786,0.7772452779787933
0.0,0.30332094669068455,-0.2576236013320931,0.7770912168552702
0.0,0.3032964686112017,-0.2578266129862328,0.7769376235872567
0.0,0.30327354026480735,-0.2580322008077664,0.7767778315754198
0.0,0.30324972059445,-0.2582348653827665,0.7766272086638409
0.0,0.3032267948102593,-0.25843805599049524,0.7764684842597489
0.0,0.30320463487367033,-0.25864142594020256,0.7763090934575491
0.0,0.30318584942225735,-0.2588450012076004,0.7761506660494086
0.0,0.30316317146371596,-0.25905084243715154,0.7759933801868448
0.0,0.3031444751952855,-0.2592523079037129,0.7758322983793279
0.0,0.30312323552047493,-0.2594580513622364,0.7756738474179615
0.0,0.30310189399218257,-0.25966377546432423,0.7755153006997036
0.0,0.3030848059553007,-0.25986743213484365,0.7753513261588745
0.0,0.3030633705089514,-0.2600762227351716,0.7751909912330359
0.0,0.3030437337894436,-0.2602790657160871,0.7750290898293878
0.0,0.3030268237071396,-0.26048416981901584,0.7748673866319367
0.0,0.3030072195162692,-0.26068587486916933,0.7747058711940629
0.0,0.30299230790326104,-0.2608928488710942,0.7745381533031507
0.0,0.3029765882111579,-0.26109594735085384,0.7743767256650993
0.0,0.3029627618989087,-0.2612983468492473,0.7742104365751203
0.0,0.3029486393972197,-0.26149986095199645,0.7740485880475804
0.0,0.3029355209373483,-0.26170301246189254,0.7738812149354597
0.0,0.302920778140333,-0.26190660128347715,0.7737147558389039
0.0,0.3029063842992892,-0.26211222575759563,0.7735464029141693
0.0,0.30288956916242704,-0.2623180146721192,0.7733832621672123
0.0,0.3028764802257265,-0.2625199397009499,0.7732196811725714
0.0,0.302863883462269,-0.262724974287935,0.7730502720909835
0.0,0.30285066922319986,-0.2629284474639771,0.772882174252458
0.0,0.3028361923079766,-0.2631352509696473,0.7727128624295884
0.0,0.3028234805582411,-0.2633419447178136,0.7725457421204346
0.0,0.30281060891213557,-0.2635478378864378,0.7723755435477793
0.0,0.3027973555792348,-0.26375724098502934,0.7722032908574066
0.0,0.3027810191857705,-0.2639680296995337,0.7720321857708882
0.0,0.30276733390360266,-0.264174889972417,0.7718613783220297
0.0,0.30275002011052765,-0.2643884517899548,0.7716888940382847
0.0,0.30273735493579074,-0.2645984174903183,0.7715152661895769
0.0,0.3027248140773939,-0.2648093536386143,0.7713408648313334
0.0,0.302709889053325,-0.2650214791017602,0.7711671962474725
0.0,0.30269532485611916,-0.2652362353527184,0.7709883040831211
0.0,0.30268006409775383,-0.2654472672155023,0.7708187704562359
0.0,0.30266669208735725,-0.26565690888294724,0.7706450617322222
0.0,0.30265279190952876,-0.26586938681521405,0.7704662554647247
0.0,0.30263857541839606,-0.2660842020760524,0.7702896846369613
0.0,0.3026228997166234,-0.26629500972437614,0.7701127697450205
0.0,0.3026073775740349,-0.2665088896076351,0.7699373192385612
0.0,0.30259679030067194,-0.26672030453933093,0.7697601590605785
0.0,0.3025791524938768,-0.2669295318543495,0.7695887132976482
0.0,0.3025649021669281,-0.267142661447608,0.7694126266944932
0.0,0.30255230117527143,-0.2673570377975006,0.7692341671833224
0.0,0.3025393475034543,-0.2675664096050304,0.7690624935271518
0.0,0.3025242408399427,-0.26778049362882816,0.7688857954260505
0.0,0.3025102538395852,-0.26799649013760096,0.7687073010410316
0.0,0.3024968958106239,-0.2682087249254003,0.7685303314522477
0.0,0.3024836701850307,-0.2684206257841456,0.768352871135429
0.0,0.3024701658265798,-0.2686348866124636,0.768177941261603
0.0,0.30245592023189066,-0.2688462691375714,0.7680017366520391
0.0,0.30244394034601557,-0.2690607003809946,0.7678217897897056
0.0,0.30242848125571753,-0.26927404060053284,0.7676486410447475
0.0,0.3024203573922356,-0.2694843854214873,0.7674682087580786
0.0,0.30240747776231713,-0.2696949337000395,0.7672946004522643
0.0,0.3023938078359783,-0.2699052194633047,0.7671180061686997
0.0,0.30238361861713636,-0.2701180362423037,0.7669375501482764
0.0,0.3023673534542284,-0.2703298072438485,0.7667649942295419
0.0,0.3023559464326182,-0.2705406538898202,0.7665826817245827
0.0,0.30234618891960124,-0.2707498918935969,0.7664069116367258
0.0,0.3023335449842887,-0.270959659062933,0.766232873542925
0.0,0.30232372498737414,-0.27117423889316006,0.7660501419201013
0.0,0.3023162036915462,-0.27138496844564974,0.7658715956378542
0.0,0.30230459054533243,-0.27159877043647185,0.7656936505606715
0.0,0.30229789340522745,-0.27181058104369715,0.7655103147721976
0.0,0.3022897745367205,-0.27202261014884727,0.7653309735681154
0.0,0.30227975619618663,-0.2722372801216175,0.7651510252844171
0.0,0.3022721952549189,-0.2724492382746644,0.7649674567601112
0.0,0.3022628970816586,-0.27266236489491613,0.7647843832104395
0.0,0.3022547611642383,-0.2728735806109529,0.7646048459418952
0.0,0.3022451151861811,-0.27308433977199853,0.7644263370496666
0.0,0.3022418629948274,-0.2732922495465334,0.7642454082841069
0.0,0.3022343063683972,-0.27350600968546546,0.7640632458741577
0.0,0.3022216711887779,-0.2737176122656531,0.7638861726035161
0.0,0.30222229874354467,-0.2739269718853756,0.7637007955214331
0.0,0.30221850840460657,-0.2741391515763507,0.7635166121363219
0.0,0.30221719022528654,-0.274349448408837,0.7633316857497304
0.0,0.30221086485763315,-0.27456212277127034,0.7631488709769947
0.0,0.3022105326040967,-0.27477544803712756,0.7629609036970632
0.0,0.3022081143292266,-0.27498522298921124,0.7627764630426918
0.0,0.30220623203694275,-0.2752018418734959,0.7625870556578596
0.0,0.302201872560107,-0.27541395094349397,0.7624023855997242
0.0,0.30220029120086184,-0.27563010889302303,0.7622164359921991
0.0,0.30219249596733283,-0.2758473322234804,0.7620342363921304
0.0,0.30219316161362,-0.2760596612928009,0.7618451475909152
0.0,0.3021906274745044,-0.27627595821319706,0.7616557930871627
0.0,0.3021847960510044,-0.27649254021263525,0.7614684572978638
0.0,0.30218148104729803,-0.2767085958646712,0.7612795646331061
0.0,0.30217210207155076,-0.2769292682197938,0.761091726146122
0.0,0.3021712311945144,-0.2771427607319721,0.7609019198829644
0.0,0.30216529367985545,-0.2773630899107069,0.7607113879643927
0.0,0.3021581679555717,-0.2775850862584448,0.7605204380266133
0.0,0.30215560711846196,-0.2778055821643577,0.7603270582558382
0.0,0.30215114183910313,-0.2780277631921927,0.7601376801828326
0.0,0.30214430706927375,-0.27824940180176916,0.7599462248210718
0.0,0.30214194707335945,-0.2784715836564144,0.7597510925310755
0.0,0.30213705305094407,-0.278693157538331,0.7595581967963169
0.0,0.30213103118758805,-0.27891788254349886,0.7593673203556448
0.0,0.30212773069989524,-0.2791404259906545,0.7591722298986191
0.0,0.3021197756207982,-0.27936183228328965,0.75898464723034
0.0,0.30212003037969454,-0.27958463935222544,0.7587824635972226
0.0,0.30211648541938896,-0.27980737485518553,0.7585867555728302
0.0,0.3021129214386474,-0.28002960272457195,0.7583949073617993
0.0,0.30211108928764646,-0.28025250257723355,0.7581977219682211
0.0,0.3021045252821274,-0.2804765349781817,0.7580027312985821
0.0,0.30210210890134914,-0.28070020092779535,0.7578045505949073
0.0,0.30209972356765835,-0.28092194815120314,0.7576041446186115
0.0,0.3020939909876833,-0.28114723608194664,0.7574108548391236
0.0,0.30208825291095154,-0.2813765876612837,0.7572075999615988
0.0,0.30208579696820875,-0.2815973292726633,0.7570105893727114
0.0,0.30208066113131504,-0.2818234333820549,0.7568119915413167
0.0,0.3020833534423447,-0.28204997432870726,0.7566069598086564
0.0,0.3020788795731405,-0.28227477487372216,0.7564083509015834
0.0,0.30208098830243046,-0.28250161438793236,0.7562034694753408
0.0,0.30207908953042295,-0.2827270063054158,0.7560024248127339
0.0,0.3020827338363342,-0.28294977410465594,0.7557984077684522
0.0,0.3020845215610084,-0.2831782751030017,0.7555883347225131
0.0,0.30208145381184437,-0.28340346367021907,0.7553874505070768
0.0,0.3020827309271217,-0.2836308438070746,0.755177926286
0.0,0.3020780335843587,-0.2838575608784486,0.754972993485555
0.0,0.3020846983735623,-0.2840795457886858,0.7547661962889809
0.0,0.30208965179126385,-0.28430446253473857,0.7545588256465927
0.0,0.30208900443259723,-0.28453049401567065,0.7543508593975856
0.0,0.3020922896814811,-0.2847567020085743,0.7541433663874333
0.0,0.3020919489884011,-0.2849850035023694,0.7539332184144234
0.0,0.302099187198976,-0.2852065109705264,0.7537255748911649
0.0,0.30210004647555866,-0.2854318696415128,0.7535162672092726
0.0,0.30209794901021075,-0.2856598576857088,0.7533107891357461
0.0,0.3021025299907554,-0.28588180466607266,0.7531003266847166
0.0,0.3021022612695758,-0.2861079899005624,0.7528942412602199
0.0,0.30210116586845676,-0.28633059879316636,0.7526870147088147
0.0,0.3021008626923655,-0.286554476543405,0.7524818303035536
0.0,0.30210337256877684,-0.2867757155346047,0.752276554237309
0.0,0.30210574565252035,-0.2870006824465734,0.7520646473466798
0.0,0.3021065457375898,-0.2872202351906082,0.7518613201815245
0.0,0.3021065917666894,-0.2874465167815356,0.7516535831852411
0.0,0.3021106798968768,-0.2876651746605617,0.7514481352591869
0.0,0.30211138006081845,-0.28788713160235213,0.7512423208390103
0.0,0.3021169449563463,-0.2881087921327655,0.7510295899970896
0.0,0.30211957483384294,-0.28832999755440164,0.7508228084152079
0.0,0.30211926726841964,-0.28855230898883666,0.750616743745247
0.0,0.30212112691999815,-0.2887704722124155,0.7504083693040714
0.0,0.302122628578353,-0.2889918010326554,0.7501977947895819
0.0,0.30212633046992354,-0.2892109043164308,0.749990484184082
0.0,0.302127936265686,-0.28943327195682145,0.7497824640123654
0.0,0.3021277057809512,-0.28965940496028875,0.7495691601307962
0.0,0.30213109386129033,-0.2898794543472197,0.7493608741302799
0.0,0.3021335027295292,-0.2901044300359178,0.7491494027372123
0.0,0.302131634443984,-0.2903278367441969,0.7489425386410257
0.0,0.30213303574240624,-0.29055357225200695,0.7487274324209304
0.0,0.30213165983925355,-0.2907788980981917,0.7485180614383607
0.0,0.302128813039539,-0.2910043803262113,0.7483095921922751
0.0,0.30213112766895367,-0.2912314739951807,0.748092074999645
0.0,0.30212417578998013,-0.29145896179854647,0.7478846532026275
0.0,0.3021229317133685,-0.2916863223342104,0.7476732155750129
0.0,0.30211999842522486,-0.2919102453458202,0.7474648912074919
0.0,0.30211976845497956,-0.29214026324024783,0.7472503291742361
0.0,0.30212113578272826,-0.2923647001155969,0.7470380937088247
0.0,0.30211519291364847,-0.2925911705500105,0.746829857735846
0.0,0.30211168386172105,-0.2928227440903698,0.746612127668401
0.0,0.3021059876064819,-0.29305127919883706,0.7464055856085998
0.0,0.3021044431552307,-0.29327717336201975,0.7461937984107997
0.0,0.3021017540238516,-0.2935041523601584,0.7459781591892881
0.0,0.3020950274146666,-0.2937342067892879,0.7457703759819032
0.0,0.30209214613641433,-0.2939619511492031,0.7455575974644955
0.0,0.3020889927625735,-0.29418911920133684,0.7453451449751005
0.0,0.3020822508534391,-0.29441561980970365,0.745135491564901
0.0,0.3020803447564559,-0.29464164526391085,0.7449224733794543
0.0,0.3020745156161166,-0.29486726638962263,0.7447123642830733
0.0,0.3020692504738556,-0.2950945539201479,0.744500674755594
0.0,0.30206062207253626,-0.29532259931008265,0.7442944752584593
0.0,0.3020511483031,-0.2955519162376169,0.7440839516117266
0.0,0.3020471273413931,-0.2957776562092996,0.7438715224541875
0.0,0.30204089452415306,-0.29600013171362133,0.7436627411121168
0.0,0.3020364679380238,-0.2962288276856822,0.7434483215159334
0.0,0.30202752569681623,-0.29645828034667565,0.7432401262233224
0.0,0.3020206836169558,-0.29668602355912055,0.7430315736171367
0.0,0.30201806748742593,-0.296909746478468,0.7428182766679643
0.0,0.3020157383898672,-0.2971388517379308,0.7426009891950934
0.0,0.3020090349914317,-0.2973680496131348,0.7423866668146574
0.0,0.3020057879263225,-0.29759449161927476,0.7421751634648147
0.0,0.3019989472997693,-0.2978221209072892,0.7419654510026186
0.0,0.30199539024287214,-0.2980502369102368,0.7417485160463354
0.0,0.30199427928921907,-0.29827683597510407,0.7415309730530899
0.0,0.3019869486115254,-0.29850484123133914,0.7413167111176532
0.0,0.3019859043577897,-0.29873089284030707,0.7410989134468864
0.0,0.30197644659311507,-0.2989588379396384,0.7408896938600317
0.0,0.3019782886290432,-0.29918318397390287,0.7406706282930576
0.0,0.3019771000977802,-0.2994125982979182,0.740449219856657
0.0,0.30197431790590756,-0.29964001193052237,0.7402309130074353
0.0,0.3019698646916789,-0.2998683242984326,0.7400129888328124
0.0,0.3019648602840928,-0.3000951654031031,0.7397963635017771
0.0,0.30196472956905424,-0.30032487574460087,0.7395774518338459
0.0,0.30196219628463966,-0.3005545637432277,0.7393561993412975
0.0,0.301962249419123,-0.3007823833409461,0.7391339434516714
0.0,0.3019581778932298,-0.3010072817397201,0.7389171089432931
0.0,0.3019551898633841,-0.30123705886363916,0.7386913659407006
0.0,0.30194935536171796,-0.3014637732088647,0.7384775704165694
0.0,0.30194974024744453,-0.30168865354085983,0.7382527689026622
0.0,0.3019444441836491,-0.30191438760738737,0.7380351246360886
0.0,0.3019425048764014,-0.3021388291103092,0.7378156734507803
0.0,0.3019415327537905,-0.3023631338934556,0.7375915961949441
0.0,0.30193768315786207,-0.3025808521035751,0.7373782364849932
0.0,0.30193452907124774,-0.3028062906428661,0.7371543770954456
0.0,0.30192959815122195,-0.3030251173295477,0.7369401351021637
0.0,0.30192436248319204,-0.3032475747560474,0.7367234010459331
0.0,0.3019199350055658,-0.3034689984008645,0.7365027278702859
0.0,0.3019119825733212,-0.30369092200408,0.7362882639864152
0.0,0.30190712660496394,-0.30391400209913433,0.7360700573938046
0.0,0.3019000729319023,-0.30413333509941676,0.7358561346470837
0.0,0.3018956548910329,-0.3043538717190414,0.7356392174027161
0.0,0.3018895255008319,-0.304577571336663,0.7354208771247109
0.0,0.30187824007565567,-0.304800333209047,0.7352065837938174
0.0,0.30186753636513286,-0.30501903838465494,0.7349914376583733
0.0,0.3018581571146788,-0.30524239534631914,0.734775001092559
0.0,0.3018464989577001,-0.30546443024223563,0.7345575165805922
0.0,0.3018343865582074,-0.3056843133211585,0.7343452987808655
0.0,0.3018184838206299,-0.30590847703759144,0.7341327765010881
0.0,0.301811557365505,-0.3061306550984554,0.7339107107319516
0.0,0.30179972159459245,-0.30635252601643714,0.7336962964581604
0.0,0.30178600962723734,-0.30657650336429704,0.7334811536598866
0.0,0.3017744607298458,-0.3067986898021867,0.733261999392324
0.0,0.30176064619425697,-0.3070212412520701,0.733048036856804
0.0,0.3017474916010171,-0.30724512435212237,0.7328320624092727
0.0,0.30173203597834625,-0.30746993177150383,0.732617047658691
0.0,0.3017193996555057,-0.3076938564246502,0.7323999722857188
0.0,0.3017061859139447,-0.30791588732362246,0.732184575132455
0.0,0.30168772346318184,-0.3081373371802394,0.7319735974341928
0.0,0.30167031260964694,-0.30835915211229187,0.7317612810330592
0.0,0.3016551166032225,-0.30857858070938216,0.7315489994106875
0.0,0.3016380180929865,-0.3087963633100282,0.7313394422189644
0.0,0.3016253133375304,-0.30901571588464005,0.7311248900505128
0.0,0.3016095444055935,-0.30923732205546756,0.7309109905362123
0.0,0.3015898276666036,-0.30945862862763557,0.7307035879603732
0.0,0.3015769615960059,-0.30967906779453014,0.730487651617746
0.0,0.3015600809403625,-0.3099004927366463,0.7302740218190047
0.0,0.30154419594840154,-0.3101218060817718,0.7300630748459848
0.0,0.301529100953464,-0.310347604484154,0.7298440893424306
0.0,0.30151288521860836,-0.31056815111857583,0.7296335398570223
0.0,0.3014979017823477,-0.31078835212053824,0.7294182229660783
0.0,0.30148190614169074,-0.31100826095053113,0.7292075588920388
0.0,0.30146386801259734,-0.3112254958481017,0.72899679168245
0.0,0.30144645089302535,-0.3114435066668819,0.7287843374983558
0.0,0.3014295242437552,-0.31165821574120267,0.7285780191863521
0.0,0.301411959342263,-0.3118760427162339,0.7283691824649816
0.0,0.3013937117370909,-0.31209542539529855,0.7281596759730943
0.0,0.30137728253781115,-0.31230842339892934,0.727953749617685
0.0,0.30135981901713566,-0.3125276467984036,0.72774306363337
0.0,0.30134228529462853,-0.3127455432261857,0.7275296845708564
0.0,0.30132507751407905,-0.31296625166721886,0.7273172808025922
0.0,0.3013095703829598,-0.3131840661869424,0.7271058566415364
0.0,0.3012937087369952,-0.3134014698799625,0.7268947446758685
0.0,0.30127920036423506,-0.313618911367679,0.7266820369289624
0.0,0.3012625341791138,-0.313837084604428,0.726470008252522
0.0,0.3012475980182461,-0.3140530552874626,0.7262624470416639
0.0,0.30123276088097417,-0.3142683233271241,0.7260469715732595
0.0,0.30121218445918413,-0.3144858766758092,0.7258381563118507
0.0,0.30119403420882146,-0.31470192937301983,0.7256283471959984
0.0,0.3011750832560638,-0.3149212478454162,0.725416299636264
0.0,0.30115891393067673,-0.31513389295212335,0.725207445414612
0.0,0.30114560100998555,-0.31534991808805635,0.7249929989541146
0.0,0.3011295291922026,-0.3155673557549079,0.7247796725594576
0.0,0.30111259006329794,-0.31578529050959403,0.7245623062883673
0.0,0.3010973145038803,-0.3160025583602397,0.7243475998226744
0.0,0.30107932057907977,-0.3162201764610627,0.7241347867547029
0.0,0.3010667331434513,-0.31643588684261237,0.7239149240715638
0.0,0.3010542587873395,-0.3166486729693323,0.7237009717145646
0.0,0.3010380442607209,-0.31686425364736126,0.7234838781808434
0.0,0.3010222881317195,-0.31707968916387524,0.72326620499614
0.0,0.3010034353480757,-0.3172909221507817,0.7230577811360698
0.0,0.3009870688505773,-0.317504305733162,0.7228416715274801
0.0,0.30097337397115687,-0.31771387938582296,0.7226300796101031
0.0,0.30095583926132596,-0.31792623122470376,0.7224148940194441
0.0,0.30093932471063956,-0.31814132742894263,0.7222005334977099
0.0,0.3009221622951609,-0.3183544614884245,0.7219839988123535
0.0,0.30090478392542974,-0.3185672404127137,0.7217716517049875
0.0,0.3008881800898992,-0.31877776294702176,0.7215564304999352
0.0,0.30087109813707297,-0.3189888827711147,0.7213451003834315
0.0,0.3008499208971251,-0.3192030001315901,0.7211336496069808
0.0,0.30082786674225775,-0.31941290205746187,0.7209263107931261
0.0,0.30080468390096865,-0.319626709678127,0.7207124234651112
0.0,0.3007824874927226,-0.3198374003094626,0.7205042165604921
0.0,0.30075642202272207,-0.32004685348845907,0.7202999786512442
0.0,0.3007304376602213,-0.32025783989178713,0.7200898228928748
0.0,0.3007063181007659,-0.3204640653274524,0.719890060877337
0.0,0.30068244817069184,-0.3206763759121699,0.7196767870310858
0.0,0.3006561450049543,-0.3208878660521056,0.7194702739945215
0.0,0.30063000601475853,-0.32109718007286414,0.719261168286816
0.0,0.30060359764562605,-0.3213055929537632,0.7190565930004498
0.0,0.30057602611762324,-0.3215137646714366,0.7188491266073486
0.0,0.30054830327741155,-0.3217193104517583,0.718647441428277
0.0,0.3005223517086209,-0.321928343230298,0.7184414159055035
0.0,0.30049142891342023,-0.3221361912001977,0.718235754013329
0.0,0.3004641495062079,-0.3223412221677242,0.718033769077418
0.0,0.30043780275689375,-0.32254804898739603,0.7178248660554242
0.0,0.30040867905528207,-0.32275234709978995,0.7176244446333833
0.0,0.30038101905805176,-0.32295848862371457,0.717417076543145
0.0,0.3003528553671535,-0.3231640573805288,0.7172143740288442
0.0,0.3003220091826955,-0.3233696625481889,0.7170096341433315
0.0,0.30029376974393096,-0.32357595040407905,0.7168058919388891
0.0,0.3002683077456182,-0.3237781430276666,0.7165992687488624
0.0,0.30023906516991533,-0.3239828868549625,0.7163971747073024
0.0,0.30021262345928457,-0.3241844035664881,0.716191070084283
0.0,0.3001835622110017,-0.3243901332272169,0.7159876936796218
0.0,0.3001549561382959,-0.3245927347945729,0.7157819537443428
0.0,0.300123869963014,-0.32479352203594813,0.7155835905606357
0.0,0.30009558195395547,-0.3249944437690208,0.7153787250507835
0.0,0.3000667994379742,-0.3251963832699399,0.7151772002286982
0.0,0.3000400404860733,-0.32539360014648305,0.7149777613723388
0.0,0.30000610819821155,-0.3255963042593207,0.7147790982040021
0.0,0.2999757294180437,-0.32579778816809607,0.7145742942504117
0.0,0.29995018932387546,-0.3259974636240144,0.7143712151908815
0.0,0.29992341599406847,-0.3261970446741535,0.7141689726930311
0.0,0.2998942927598799,-0.3263922374266062,0.7139684872466056
0.0,0.29986385578659275,-0.3265953808011634,0.7137657822588914
0.0,0.29983407291588077,-0.32679246380003507,0.7135675205496615
0.0,0.2998063474778336,-0.3269900173391542,0.713366667074285
0.0,0.2997769627530705,-0.32718845084874326,0.7131664585392363
0.0,0.2997460026794499,-0.3273849896091174,0.7129689138205276
0.0,0.29971898779636397,-0.32758232666824627,0.7127670548687589
0.0,0.29968824828402263,-0.3277762474126259,0.7125711001836833
0.0,0.29965929881823733,-0.32797149721046537,0.7123724863030184
0.0,0.29963354739847214,-0.3281650059801356,0.7121721797914712
0.0,0.2996046844706581,-0.3283603455977465,0.7119734182536067
0.0,0.29957454356691093,-0.32855562218257645,0.7117752625300746
0.0,0.29954505805984016,-0.3287481176944018,0.7115790487099714
0.0,0.29951792886400996,-0.3289417636190769,0.7113794883080965
0.0,0.29948696875956343,-0.3291374755167331,0.7111849020193505
0.0,0.2994578507175435,-0.32932993657912407,0.7109874574585174
0.0,0.2994303977329881,-0.3295227708160696,0.7107881373711836
0.0,0.2993999653951619,-0.3297164455616688,0.7105944321035927
0.0,0.2993691425719711,-0.3299086553153378,0.7104017556723179
0.0,0.299338397462281,-0.3301034438908985,0.7102029672193105
0.0,0.2993083541546952,-0.3302951345171019,0.7100102189769781
0.0,0.29928022446888397,-0.33048363092225186,0.7098145678401846
0.0,0.2992529109064912,-0.33067515922996704,0.7096197032493725
0.0,0.29922253865582443,-0.33086479538605496,0.7094244085340536
0.0,0.2991958410806037,-0.3310537882194007,0.7092306847766219
0.0,0.29916636297880683,-0.3312453273629492,0.7090326585003617
0.0,0.29914048673618593,-0.3314311526438441,0.7088407577170622
0.0,0.29911750689631134,-0.3316202594165883,0.7086434888757192
0.0,0.29908849861392367,-0.3318091760069651,0.7084464391929174
0.0,0.2990634349793895,-0.3319982866610709,0.708250507495084
0.0,0.29903416249306264,-0.3321861451155713,0.7080545128469822
0.0,0.2990092160186877,-0.33237379825292046,0.7078591383085399
0.0,0.29898465811584807,-0.3325613525838521,0.707663224314236
0.0,0.29895525171558734,-0.33275208922436106,0.7074679120545626
0.0,0.2989294496655077,-0.3329386195084425,0.7072696655096258
0.0,0.29889947895774993,-0.3331275491908954,0.707076200465675
0.0,0.29886970006809355,-0.3333123395347771,0.7068822580800476
0.0,0.2988410906884001,-0.33349764609429255,0.7066906518280709
0.0,0.2988079154942828,-0.33368598967635515,0.7064999395222998
0.0,0.2987789023353413,-0.33387203663920784,0.7063036500735601
0.0,0.2987475443551432,-0.33405939206953317,0.7061121649471601
0.0,0.29871877897256677,-0.33424175897235686,0.70591848751403
0.0,0.2986879598855044,-0.3344298248103586,0.7057255442989953
0.0,0.29865202863800544,-0.3346141843478925,0.7055395479632666
0.0,0.29862057067668074,-0.33480040674378325,0.7053482487181894
0.0,0.29858475784533806,-0.3349879120763714,0.7051591488207323
0.0,0.2985548368948503,-0.3351688485177036,0.7049705709854781
0.0,0.2985234788661928,-0.33535041933864995,0.7047824159413114
0.0,0.2984880626185446,-0.33553254891736484,0.7045971949312044
0.0,0.29845412015985495,-0.33571324777057115,0.7044074339331723
0.0,0.2984174499425784,-0.3358950863036355,0.7042274582480428
0.0,0.29838254758557714,-0.33607426124779655,0.7040438637256196
0.0,0.2983498575395534,-0.33625487287546796,0.7038528197649577
0.0,0.2983139333168478,-0.33643456403320016,0.7036690108383147
0.0,0.29827833324849684,-0.33661137743036085,0.7034877674584303
0.0,0.2982447219983438,-0.33679371358649673,0.703299750073115
0.0,0.2982081134738009,-0.3369710350596465,0.703118158163169
0.0,0.29817747284871793,-0.33714442970535746,0.702935414460563
0.0,0.29814438704860985,-0.33732434211174556,0.7027486863768085
0.0,0.2981083143752687,-0.33749672279260623,0.7025706663360939
0.0,0.2980766182238063,-0.337668056711081,0.7023898470219991
0.0,0.2980402880901364,-0.3378403367811137,0.7022160464151919
0.0,0.29800778702975406,-0.33800860867787674,0.7020382602331307
0.0,0.297971864865739,-0.3381817667399845,0.7018587024143584
0.0,0.29793428947210965,-0.33835469864003953,0.7016848640400094
0.0,0.29790133294837523,-0.33852193261000557,0.7015080089224108
0.0,0.2978645889566011,-0.3386934765229625,0.7013305406358853
0.0,0.29783157200638793,-0.3388600155381463,0.7011541812137332
0.0,0.2977976044716592,-0.33903156166104603,0.7009734737831617
0.0,0.2977614186868797,-0.3392020503467352,0.7007956243420966
0.0,0.2977278410074695,-0.3393691570348156,0.7006234009518993
0.0,0.2976943352220011,-0.33953703019812204,0.7004455743864612
0.0,0.29765645818517195,-0.33970173728341363,0.7002741082224313
0.0,0.29762603700954904,-0.3398659455031016,0.7001007606620067
0.0,0.29758908588749167,-0.3400300644904841,0.6999287175437497
0.0,0.2975551524653452,-0.3401947950170869,0.6997533353868367
0.0,0.2975220944855623,-0.3403580863830352,0.6995782134690078
0.0,0.2974860662877503,-0.3405193605793209,0.6994113447312
0.0,0.29745233962061757,-0.3406815438010391,0.699237714506616
0.0,0.29741506373252496,-0.34084372550761377,0.6990622834720823
0.0,0.2973780919302643,-0.34100453955518456,0.6988964937394829
0.0,0.2973449054188894,-0.34116816772921027,0.6987202359554212
0.0,0.29730977923319246,-0.34133245421845543,0.6985493701577544
0.0,0.29727814601077485,-0.34149001525720546,0.6983814752155221
0.0,0.29724123719783435,-0.3416551255435349,0.6982067845566571
0.0,0.2972096168769254,-0.3418178286424804,0.698029647170544
0.0,0.2971755791856389,-0.3419782160465834,0.6978567488039786
0.0,0.29714132493498424,-0.3421356994147514,0.6976907415302892
0.0,0.29710888173989963,-0.3422972914325882,0.6975147887823503
0.0,0.29707584304523493,-0.3424563760674043,0.6973459297948273
0.0,0.29703716420214016,-0.3426139730223398,0.6971786849568811
0.0,0.2970076451619515,-0.34276965791382186,0.6970097323972858
0.0,0.2969735662135493,-0.3429248430347931,0.6968404194784825
0.0,0.29693860078272705,-0.3430830389692336,0.6966685244831275
0.0,0.29690296650830594,-0.3432412169510689,0.696497356740475
0.0,0.296865543371536,-0.3433998716043563,0.6963313198881584
0.0,0.29683055482001786,-0.3435543790527743,0.6961630268354495
0.0,0.296794667135894,-0.34371094606205954,0.6959929979888202
0.0,0.29676428660192156,-0.3438645352995908,0.6958255543027629
0.0,0.29672823140169236,-0.34402145879332174,0.6956594459101554
0.0,0.29669372506458536,-0.3441779343364006,0.6954884669885214
0.0,0.29666012166404304,-0.34433488999731376,0.6953200512326891
0.0,0.2966250747297753,-0.34448866533834044,0.6951555817966671
0.0,0.29659216743649985,-0.344636117200188,0.6949910036458544
0.0,0.296556922304433,-0.34478882403916516,0.6948229724355164
0.0,0.2965179076023722,-0.344942880321009,0.6946613502329275
0.0,0.29648445371600063,-0.34509187660602786,0.6944952421101213
0.0,0.29644936754617146,-0.34524213644144425,0.6943290970180526
0.0,0.2964153066525901,-0.3453914655740992,0.6941672125202859
0.0,0.2963796687953902,-0.34553999010201897,0.6940025794126016
0.0,0.29634643554703777,-0.34568830078624674,0.6938364405012705
0.0,0.2963138972623992,-0.34583596525372134,0.6936747776449109
0.0,0.2962793437545276,-0.34598702914608004,0.693506578079295
0.0,0.29624590127829553,-0.3461356334204679,0.6933397950001193
0.0,0.296216922765549,-0.3462801776476757,0.6931771203281599
0.0,0.2961811722569551,-0.3464277506351514,0.6930132695665172
0.0,0.2961482483882191,-0.3465749813170368,0.692846726712218
0.0,0.29611544316684124,-0.34672206543592843,0.6926804360095148
0.0,0.29608305999909756,-0.3468682144106966,0.6925187371199262
0.0,0.29604935057157006,-0.34701393804409914,0.6923540866437035
0.0,0.29601784870468695,-0.3471614419950122,0.6921856457449301
0.0,0.29598327580322126,-0.34730672764671733,0.6920175573140191
0.0,0.2959517454543702,-0.34745105109089197,0.6918474007363017
0.0,0.29591154391553537,-0.3475990454678826,0.6916853485962596
0.0,0.29587767323226366,-0.34774385902996086,0.6915210464730004
0.0,0.2958468763214948,-0.3478895709440858,0.6913529321463685
0.0,0.2958090049744169,-0.3480314560764407,0.6911945033776504
0.0,0.29577924324364047,-0.34817605488774556,0.6910262553548778
0.0,0.29574264269112516,-0.34832261263764264,0.6908614993642708
0.0,0.29571042407523107,-0.3484643450850311,0.6906933987017003
0.0,0.2956767095237473,-0.3486081974281442,0.6905287286010822
0.0,0.2956414418796002,-0.3487496034057096,0.6903678883869104
0.0,0.29560795962721625,-0.3488920836010158,0.6901998340566053
0.0,0.29556992050569514,-0.3490323649008202,0.6900421203583388
0.0,0.295540708882572,-0.34916913112661974,0.6898800835201488
0.0,0.2955096897178112,-0.3493087453801998,0.6897125418404598
0.0,0.2954737037042792,-0.34944823737175557,0.6895531018127237
0.0,0.2954395252227735,-0.3495847257720645,0.6893950084994482
0.0,0.29540374744281245,-0.3497252808629944,0.6892300612628305
0.0,0.29537091977739194,-0.3498613611927475,0.6890754085385573
0.0,0.2953389767862379,-0.34999606497315644,0.6889127975759326
0.0,0.2953028872746496,-0.350133335376175,0.6887552241220117
0.0,0.2952711326906856,-0.3502676254490191,0.6885967635074391
0.0,0.29523819311386024,-0.350403315812162,0.6884335406558044
0.0,0.2952040608005535,-0.3505388337741595,0.6882750404735115
0.0,0.29517182921756097,-0.3506695348899229,0.6881200586400443
0.0,0.2951359466285648,-0.35080224627091083,0.6879657506644888
0.0,0.295104563647629,-0.35093384875216854,0.687808904812318
0.0,0.29507501973117817,-0.3510618274267442,0.6876495895586752
0.0,0.29503856831445774,-0.35119288052774134,0.6874971507232304
0.0,0.2950064962873481,-0.35132201124687384,0.6873429112324542
0.0,0.29497252188802225,-0.3514507593122934,0.6871904615660583
0.0,0.2949417299202429,-0.35157358798466476,0.6870415063707921
0.0,0.2949076062840904,-0.3517008858234214,0.6868902520005356
0.0,0.29487383589210925,-0.3518296103343516,0.6867370847256794
0.0,0.29484412608995125,-0.3519566968250224,0.6865821027829796
0.0,0.2948105431325836,-0.3520827563622462,0.6864313444344633
0.0,0.29477584659400696,-0.35221072476910165,0.6862839222624859
0.0,0.29474013866805515,-0.35233555677502837,0.686135582481525
0.0,0.2947059950144972,-0.35245777659264665,0.6859932167184739
0.0,0.2946708481407602,-0.35258112401874986,0.6858460024044798
0.0,0.29463580057225347,-0.3527042357956025,0.6856987180943568
0.0,0.29460245775451055,-0.3528273113349596,0.6855544265945056
0.0,0.2945691891881262,-0.3529483463073006,0.6854076068377285
0.0,0.2945317913387285,-0.3530727339181195,0.6852608308985505
0.0,0.29449399474098553,-0.3531909835353506,0.6851244305930398
0.0,0.29446324433454757,-0.3533128479128409,0.6849745008093918
0.0,0.2944268963863639,-0.35343005880369527,0.6848334070610937
0.0,0.29438955049638815,-0.35354846506223125,0.6846918763763898
0.0,0.2943515800850584,-0.353666134063928,0.6845561382509494
0.0,0.2943156470032931,-0.3537841706043152,0.6844137533013508
0.0,0.29427693290530355,-0.3539004731170932,0.6842797054835928
0.0,0.2942418600542854,-0.35401615914614576,0.6841383272459629
0.0,0.2942025242643085,-0.3541336070415113,0.6839988309182308
0.0,0.29416740499581384,-0.35424739572857983,0.6838595101373023
0.0,0.29412738523060117,-0.35436522318180214,0.683720036246099
0.0,0.294089268409184,-0.3544787079446692,0.6835874423247132
0.0,0.2940468988525662,-0.35459328814263,0.6834530309122064
0.0,0.2940088151376985,-0.3547078822757243,0.6833150009645681
0.0,0.2939704088862589,-0.35482391673703256,0.6831752412811111
0.0,0.2939295673344156,-0.3549384999371777,0.6830436639055332
0.0,0.29389413448722357,-0.355050134295447,0.6829059503436941
0.0,0.29385290242010287,-0.35516189820955757,0.6827726118621539
0.0,0.2938167583346802,-0.3552741551876876,0.6826390882657319
0.0,0.29377658497992465,-0.3553871342478053,0.6825032683376793
0.0,0.2937364556475464,-0.3554980068901544,0.6823743499061214
0.0,0.29369958992625755,-0.355605315162821,0.6822372820049483
0.0,0.29365911414694473,-0.3557160729740041,0.6821037321037285
0.0,0.29361989013693335,-0.35582463748229365,0.6819761400684564
0.0,0.2935840103340642,-0.3559326312751855,0.6818369721583656
0.0,0.2935469915307527,-0.35604135259144376,0.681706743412122
0.0,0.29351195876841857,-0.35614644870541046,0.6815743090515066
0.0,0.29347573233024804,-0.35625513422745064,0.6814388225190345
0.0,0.29343702103783076,-0.35636223133536055,0.6813072666233588
0.0,0.2934006500825908,-0.3564681647529656,0.6811744826251767
0.0,0.293364897711317,-0.3565743827591911,0.6810407409599375
0.0,0.2933293298979048,-0.3566755004442155,0.6809123168760483
0.0,0.29329272183948374,-0.35677998130253663,0.6807807914005373
0.0,0.29325527334660606,-0.35688467839714333,0.6806497552359831
0.0,0.29321869981470444,-0.35698990145262577,0.6805172392693332
0.0,0.29318386427332027,-0.3570920661638043,0.6803818750995015
0.0,0.2931497212923106,-0.35719388625535553,0.6802547728245366
0.0,0.2931170080581292,-0.3572954709226091,0.6801178988575575
0.0,0.29308047162932455,-0.35739767017661106,0.6799881242964351
0.0,0.29304855893476,-0.3574977950191066,0.6798565281309269
0.0,0.29301569924719517,-0.35759933377193737,0.6797197156917362
0.0,0.29298026986161396,-0.35769633571187087,0.6795939451368669
0.0,0.29294556040599573,-0.3577952479046213,0.6794612995517132
0.0,0.2929138325245787,-0.3578901330381233,0.6793297321563053
0.0,0.2928808935601038,-0.3579891551267883,0.6792041035899552
0.0,0.2928495340770135,-0.35808452251458833,0.6790715396227343
0.0,0.2928167029706873,-0.35818111258611046,0.6789390337874103
0.0,0.2927863670956369,-0.358275818497344,0.6788109505393265
0.0,0.2927551193490708,-0.3583672905658851,0.6786818874573444
0.0,0.29272377173386055,-0.35846312079671633,0.6785533434613981
0.0,0.2926929097486096,-0.3585573233549218,0.6784211728878827
0.0,0.2926636047309733,-0.3586513064878042,0.6782924852891934
0.0,0.2926307197713269,-0.35874366740628766,0.6781592029021132
0.0,0.2925996206277954,-0.3588344605580935,0.6780349250254984
0.0,0.29256876041201635,-0.3589249020168256,0.6779066030011399
0.0,0.2925412033226645,-0.3590153320685989,0.6777794950934906
0.0,0.29251227370751537,-0.3591035700169872,0.6776516242586478
0.0,0.29248475053151873,-0.3591927285696733,0.6775211335625424
0.0,0.29245466087549965,-0.359281272041422,0.6773933600375007
0.0,0.29242385437177404,-0.3593685432471508,0.6772673920600315
0.0,0.292395780202687,-0.35945531353457016,0.6771395549497679
0.0,0.29236601448047833,-0.3595427134446398,0.6770169375511876
0.0,0.2923403628272751,-0.35962692848441324,0.6768895717782399
0.0,0.2923129096157793,-0.3597160796154238,0.6767583560933199
0.0,0.2922822457447716,-0.3598006468380339,0.6766344363502648
0.0,0.2922541565509363,-0.3598842051488603,0.676513992646487
0.0,0.29222661722927873,-0.3599701713885941,0.6763859133094491
0.0,0.2921997535590624,-0.3600555040494991,0.6762578520265182
0.0,0.2921703165816385,-0.36014000512153527,0.6761373363861636
0.0,0.292143821117013,-0.3602244784743938,0.6760097542507418
0.0,0.29211363858523964,-0.3603061818323318,0.6758880948234843
0.0,0.29208473729043616,-0.36038907698346023,0.6757643916491519
0.0,0.29205742609611685,-0.3604673551428238,0.6756434790851323
0.0,0.29202829322428364,-0.3605515704388242,0.6755181149156606
0.0,0.2919968700652098,-0.3606330673413824,0.6754023681581108
0.0,0.2919709196794236,-0.36071190811709986,0.675279760246402
0.0,0.2919397426442928,-0.3607914565854262,0.6751608017584353
0.0,0.29191278281745203,-0.36086751318204136,0.675041983977043
0.0,0.2918858300411957,-0.3609462601826343,0.6749243431051897
0.0,0.2918542451844455,-0.3610273933685223,0.6748041815958316
0.0,0.2918299776970781,-0.3611047362657648,0.6746855192991452
0.0,0.291776244768025,-0.3612604219620157,0.6744477774914857
0.0,0.2917492418122488,-0.3613357263908364,0.6743291614030841
0.0,0.291722851442629,-0.3614113539411096,0.6742097380997059
0.0,0.2916967173218384,-0.3614853807561746,0.6740915536721315
0.0,0.29166998290263707,-0.3615597313224182,0.6739782992616915
0.0,0.29164167288944737,-0.3616330779553051,0.673867164751492
0.0,0.2916157837802027,-0.36170592843595684,0.6737499059670715
0.0,0.29159357201086333,-0.36177749485395055,0.6736308647030296
0.0,0.2915656695799534,-0.3618492552257247,0.6735164617973697
0.0,0.29153967897764493,-0.3619183681214387,0.6734077992884768
0.0,0.2915113327211058,-0.361990522516381,0.6732972322517025
0.0,0.29148707754676895,-0.3620609282449505,0.6731809230754747
0.0,0.2914639629248405,-0.36213007544231013,0.6730689961441709
0.0,0.2914415299607455,-0.3621993649130494,0.6729521742943869
0.0,0.2914156598513799,-0.36227121272321644,0.6728400540382387
0.0,0.2913911813217548,-0.3623384801231846,0.6727266039269382
0.0,0.29136942516951087,-0.3624038645556671,0.6726177736785625
0.0,0.29134750263231846,-0.3624679947472751,0.6725102573060002
0.0,0.29132155625098355,-0.36253373340438144,0.6723996657081996
0.0,0.2912992205181111,-0.3626011978621929,0.6722888144886975
0.0,0.29127641246595765,-0.3626630590921894,0.6721798231103577
0.0,0.2912530517722208,-0.3627281455549084,0.6720719555763659
0.0,0.2912303792147214,-0.3627902449967377,0.6719624374428523
0.0,0.2912101075566489,-0.3628497627248195,0.6718581224319267
0.0,0.29118474877943934,-0.3629124025799058,0.6717543913549735
0.0,0.2911633487090366,-0.36297205190761705,0.6716461451548212
0.0,0.2911456726364066,-0.3630305706643075,0.6715401355075814
0.0,0.29112232061035026,-0.3630908511176523,0.6714327998047936
0.0,0.291102593970246,-0.3631494481393181,0.6713241054818376
0.0,0.2910838612729316,-0.3632069580903955,0.6712198644275683
0.0,0.29106316002588056,-0.3632671517242204,0.6711101433296465
0.0,0.2910433951167225,-0.36332238255952815,0.6710091230531451
0.0,0.29102360528836835,-0.36337742781969407,0.6709040923849423
0.0,0.29100321330498696,-0.3634332627455166,0.6707983166583275
0.0,0.29098181634873677,-0.36349068300426746,0.6706966242492935
0.0,0.2909639736263933,-0.36354214149757824,0.6705982469737927
0.0,0.2909460560100687,-0.3635968184973037,0.6704917413650536
0.0,0.29093039892617395,-0.3636465243726015,0.6703883193346505
0.0,0.2909125077413836,-0.36370025829513786,0.6702827832976016
0.0,0.29089458323732437,-0.3637525567324932,0.6701834147184688
0.0,0.29087578034044104,-0.36380473987550843,0.6700799442980749
0.0,0.2908576481432757,-0.363854534826877,0.6699832903055029
0.0,0.2908423795151654,-0.36390163175261414,0.6698821838937402
0.0,0.2908241628398174,-0.36395232241570535,0.669784592416574
0.0,0.2908092157201417,-0.36400092818973473,0.6696818452405241
0.0,0.29079445708722196,-0.3640495484183488,0.6695831484642492
0.0,0.2907808063488307,-0.3640947976424144,0.6694824635028789
0.0,0.2907660927905036,-0.36414474612134384,0.6693775434440601
0.0,0.29074803976862557,-0.3641930082924401,0.6692823144373924
0.0,0.2907354793422835,-0.36423682930452433,0.6691820328461702
0.0,0.2907223088864111,-0.36428143484319203,0.6690860702643151
0.0,0.2907079243484646,-0.3643256201568096,0.6689827164909999
0.0,0.2906935257837092,-0.3643681643270825,0.6688900136559417
0.0,0.2906795912950348,-0.3644120215493855,0.6687954527304047
0.0,0.29066626911855953,-0.3644538714328848,0.6686982896944892
0.0,0.29065582279736735,-0.3644958450720372,0.6685980637000871
0.0,0.29064051299830823,-0.36453861865808795,0.6685057716189713
0.0,0.29062892663652395,-0.36457844201604767,0.6684088022387508
0.0,0.29061728496143724,-0.3646186100396003,0.6683161310366578
0.0,0.29060259502638397,-0.36465871267989003,0.6682263660722008
0.0,0.2905896997341217,-0.3646978968104136,0.668131445484498
0.0,0.29057998387757406,-0.3647360456600542,0.6680391800954489
0.0,0.2905663688519221,-0.36477396748551544,0.6679458818655175
0.0,0.2905580446475782,-0.364808342296343,0.6678564302263055
0.0,0.29054423862382944,-0.3648460480364161,0.667763878855817
0.0,0.2905351898053476,-0.3648796695570418,0.6676758213308058
0.0,0.2905255076265846,-0.3649152005234216,0.6675815668910827
0.0,0.2905180970982836,-0.36494620949274836,0.667494881813735
0.0,0.29050444313421053,-0.3649819512660141,0.6674040739430677
0.0,0.29049432406995435,-0.3650150887515444,0.6673173964548221
0.0,0.2904888589552683,-0.3650461533481006,0.6672288212679577
0.0,0.2904807765511783,-0.36507823432321446,0.6671371467502993
0.0,0.2904727686522774,-0.3651084193533056,0.6670520358368085
0.0,0.290465145375634,-0.3651379319888373,0.6669626549062915
0.0,0.2904578062872542,-0.3651669878545729,0.6668778321451433
0.0,0.29045137737488386,-0.365197225683503,0.6667865971201408
0.0,0.290445493507537,-0.36522423892767736,0.6667026631606674
0.0,0.29043690701307,-0.3652521072812168,0.6666200314435442
0.0,0.29043114986712626,-0.36527661283893864,0.666534350570042
0.0,0.29041585923335733,-0.3653266647333544,0.6663693145984694
0.0,0.29041304859300004,-0.3653494160664268,0.6662871682339762
0.0,0.2904084353936003,-0.3653720437725099,0.6662024267589637
0.0,0.2904050196833634,-0.36539436704467765,0.6661210508272589
0.0,0.29040198892493924,-0.3654163764109557,0.6660397842397363
0.0,0.2903979048596387,-0.36543747972057433,0.6659602877824442
0.0,0.29039457403338514,-0.36545862341534185,0.6658759073554603
0.0,0.2903886869949008,-0.3654807503521093,0.6657969403688224
0.0,0.2903865346846025,-0.3654999824145755,0.6657132826372193
0.0,0.2903846942664037,-0.36551713563611304,0.6656362683628686
0.0,0.29038147592073416,-0.36553460091565393,0.6655603204592175
0.0,0.2903803936898846,-0.3655503971304937,0.6654795352086627
0.0,0.29037903454830744,-0.3655675426843456,0.6654019001385894
0.0,0.29038062593518704,-0.3655806754829385,0.6653264599486999
0.0,0.29038001547067405,-0.36559340069110485,0.665248144523821
0.0,0.2903790855116439,-0.3656075472015457,0.6651779892516355
0.0,0.2903802367654319,-0.3656185058955786,0.6651004508814785
0.0,0.2903831935106152,-0.3656295539564296,0.665025603630206
0.0,0.29038216492710267,-0.3656413320997959,0.6649536463955186
0.0,0.29038542004175544,-0.3656487876493121,0.6648777265439795
0.0,0.2903857954804804,-0.3656594166022439,0.6648057746175382
0.0,0.2903892680951625,-0.3656666035152304,0.6647346648160448
0.0,0.29039137858782915,-0.36567623690345025,0.6646622295421675
0.0,0.29039483744923833,-0.36568425891536677,0.6645900881589304
0.0,0.2903981783671964,-0.36569065179289634,0.6645197395465241
0.0,0.2904054017995801,-0.3656969158707675,0.6644462695768948
0.0,0.29040957998863315,-0.365703540222697,0.6643752490449036
0.0,0.2904145856012062,-0.3657068633916476,0.6643067840958442
0.0,0.290420655823261,-0.36571030548536554,0.6642377415523661
0.0,0.2904275280586787,-0.36571470224344904,0.6641665177489867
0.0,0.2904360062780377,-0.3657135345335118,0.6640998934547504
0.0,0.29044414799554413,-0.3657135162126697,0.664037407915084
0.0,0.29045012311213314,-0.36571604750980724,0.6639689589695693
0.0,0.29046023850273744,-0.3657136492397174,0.6639027501946956
0.0,0.29046770702659047,-0.36571328508607803,0.6638362551413365
0.0,0.29047601678078006,-0.36571218221550883,0.663769732631332
0.0,0.2904878828263284,-0.36570792648598355,0.663703907893935
0.0,0.2904989932720789,-0.36570497061715546,0.6636417010481859
0.0,0.2905077788815072,-0.3657035087040237,0.663575210386236
0.0,0.2905153592808778,-0.36570058078268863,0.6635117978155239
0.0,0.2905277726966131,-0.3656953585784828,0.6634463143757109
0.0,0.2905419770678928,-0.36568610271674157,0.6633883107161884
0.0,0.2905551094704245,-0.3656791086743665,0.663324448987402
0.0,0.2905688921368726,-0.3656710292388289,0.663265614222853
0.0,0.29058089964765876,-0.3656627381235271,0.6632038052518526
0.0,0.2905948507207331,-0.36565170758542936,0.6631436872689811
0.0,0.29060914861591314,-0.3656431661520057,0.6630895149004893
0.0,0.29062178910871983,-0.36563236203552196,0.6630303086710845
0.0,0.2906387151712816,-0.3656209590310883,0.6629675694556727
0.0,0.29065449279125327,-0.3656092440107578,0.6629112877947667
0.0,0.29067128935808095,-0.3655967878059936,0.6628502777286664
0.0,0.29068897051598946,-0.36558227580450836,0.6627953041988317
0.0,0.2907065799433666,-0.36556825971384854,0.6627399568573897
0.0,0.29072523429292946,-0.36555414952070875,0.6626785420867578
0.0,0.29074300944160114,-0.365537932414535,0.6626206991250723
0.0,0.2907600900150462,-0.36552178700468485,0.6625680539015528
0.0,0.2907783651552482,-0.3655046118367546,0.6625104297589886
0.0,0.2907987606914713,-0.3654862331598769,0.6624573153545079
0.0,0.29081822604334956,-0.36546729296491254,0.6624007301511581
0.0,0.29083706622685945,-0.36544932370297323,0.6623438647851873
0.0,0.29085807014842346,-0.36542789043579516,0.662293538914046
0.0,0.29087897467003787,-0.3654081729452462,0.662241253060413
0.0,0.29095257772201355,-0.36533787875272233,0.662078005595771
0.0,0.2909748700139394,-0.36531457176492765,0.6620287209884551
0.0,0.2909985187693518,-0.365290609057175,0.6619742081369223
0.0,0.29102337018746594,-0.36526598151542855,0.661923723383105
0.0,0.29104679814286516,-0.3652417518178531,0.661869585656809
0.0,0.2910733380949999,-0.36521447253622175,0.6618204666274042
0.0,0.2910974335025055,-0.36518843186183547,0.6617725984449305
0.0,0.291123303558269,-0.36516431824882817,0.6617161646904743
0.0,0.2911507737650623,-0.3651379369919722,0.6616651270839435
0.0,0.29117823233582113,-0.3651099713871783,0.6616163219071608
0.0,0.2912049409004894,-0.36508209582125917,0.6615676885986072
0.0,0.2912342345112636,-0.36505222809997273,0.6615194089097206
0.0,0.29126304537017605,-0.3650223078072547,0.6614666333009781
0.0,0.29129412783649944,-0.36498889147807145,0.661420623677047
0.0,0.2913244876130274,-0.36495722873830816,0.6613729124218052
0.0,0.2913554675585115,-0.36492303197918213,0.6613277740033925
0.0,0.29138793426702597,-0.36488888345794956,0.6612813428394965
0.0,0.29141912344258136,-0.36485571743464734,0.6612346523787259
0.0,0.29145159324989334,-0.36481906838409395,0.6611910340842546
0.0,0.2914834875125865,-0.3647841545722729,0.6611412273542131
0.0,0.2915119559964626,-0.3647491175885267,0.6610996030415445
0.0,0.2915478250297445,-0.3647122276056315,0.6610531311459004
0.0,0.2915796837801183,-0.36467769546773154,0.6610074951421625
0.0,0.29161285477447463,-0.3646416765801095,0.6609623635391478
0.0,0.2916464414038065,-0.364606152010672,0.6609162993223123
0.0,0.2916801477901614,-0.36456846090725,0.6608773788073474
0.0,0.29171820873336585,-0.36452634817296625,0.6608345392165749
0.0,0.2917537842035687,-0.36448626760945796,0.6607917301977485
0.0,0.2917904073030558,-0.3644436475834002,0.6607509224654058
0.0,0.29182368524722335,-0.3644025441526342,0.6607116189719611
0.0,0.29186061012163594,-0.36435589366011983,0.6606749647770107
0.0,0.291899205095739,-0.36431343007934935,0.6606372368542743
0.0,0.29193778759939953,-0.36426840419349515,0.6605973943171471
0.0,0.29197601958481745,-0.3642224449124656,0.660559144122786
0.0,0.292016888564603,-0.36417640118525363,0.660518332985023
0.0,0.29205868464523044,-0.36412962295687856,0.6604825508740638
0.0,0.29209994249918153,-0.3640807013788354,0.6604444979327635
0.0,0.29214696203898344,-0.3640312754685236,0.6604017233128608
0.0,0.2921862385144703,-0.36398358943978704,0.660364349974473
0.0,0.29222690815750724,-0.3639360177962401,0.6603303902596571
0.0,0.29226991296619914,-0.3638856004608057,0.660297080625193
0.0,0.2923152343048426,-0.36383329799823305,0.6602636875250316
0.0,0.29236530172068936,-0.3637779945357521,0.6602248199067576
0.0,0.2924110094893386,-0.3637241882648151,0.6601930977810744
0.0,0.29245924001510915,-0.3636699192429661,0.6601546501064116
0.0,0.2925037349783074,-0.36361245462658015,0.6601281037789374
0.0,0.2925542522136578,-0.36355377153875956,0.6600923840231655
0.0,0.29259858274643635,-0.36349850487789626,0.660063535104849
0.0,0.292649134737934,-0.36343977179382914,0.6600325713727112
0.0,0.29270104234786715,-0.363381724564917,0.6599952816937512
0.0,0.29274927985267585,-0.3633227134319915,0.6599667186976043
0.0,0.2928002957319112,-0.36326280930676785,0.6599368344859164
0.0,0.29285101331565894,-0.36320304728574726,0.6599067807438718
0.0,0.2929051189115966,-0.3631401937664718,0.6598774239560292
0.0,0.2929600046378349,-0.3630761853460126,0.6598435004644772
0.0,0.29300878354011634,-0.3630142514392108,0.659817943783518
0.0,0.2930616498848665,-0.3629503001702005,0.6597909725065776
0.0,0.293118617515888,-0.36288244107258666,0.6597641317592143
0.0,0.29317518695203565,-0.3628162246784865,0.6597362116069403
0.0,0.2932293476026588,-0.3627511440066045,0.659713913374095
0.0,0.29328613701899026,-0.3626836088135076,0.6596829703953946
0.0,0.29334119824438454,-0.3626160587101427,0.6596577780255349
0.0,0.293402263235739,-0.36254658329402356,0.6596295234885599
0.0,0.2934617114976782,-0.3624775619010428,0.6596020016695672
0.0,0.29352106574571446,-0.3624077427832112,0.6595754845442939
0.0,0.293577610158738,-0.36233900145360337,0.6595506208461347
0.0,0.29363704071579333,-0.36226864710938034,0.6595245430180061
0.0,0.293696849768021,-0.36219912754770067,0.6595015691198505
0.0,0.2937589212832446,-0.3621261155643167,0.6594711638506892
0.0,0.29381819196644227,-0.3620524535179239,0.6594487197310044
0.0,0.29387807149653733,-0.36197954546015454,0.6594249877462494
0.0,0.2939391449725733,-0.3619039591322911,0.6594031526014288
0.0,0.29400267142240555,-0.36182876795886776,0.6593781946910205
0.0,0.2940604830505298,-0.3617536939864727,0.6593585130932003
0.0,0.29412537322232957,-0.36167609024647446,0.6593350951808737
0.0,0.2941878820724754,-0.361598332514182,0.6593140310186593
0.0,0.29425291750639826,-0.36151973158332684,0.6592914905447793
0.0,0.29431758074974124,-0.361442313494028,0.6592728888362587
0.0,0.2943837057090485,-0.3613610507150247,0.6592474010249652
0.0,0.29445352740230213,-0.3612772271786472,0.6592311711774712
0.0,0.29452223500706487,-0.3611959266392016,0.6592129222505496
0.0,0.29459326494773996,-0.36111233078281824,0.6591905848680407
0.0,0.2946607393561039,-0.36102825635671704,0.6591719196512346
0.0,0.2947307392164534,-0.36094242630277457,0.6591573757203787
0.0,0.2948031363673223,-0.36085385521808844,0.6591391936086579
0.0,0.29487440654065566,-0.36076575718681386,0.6591214661971377
0.0,0.2949449337355371,-0.36067611697946367,0.6591109248005526
0.0,0.29501753070820075,-0.3605851750651514,0.6590951555450775
0.0,0.29508987761202865,-0.3604960892517885,0.6590822732925021
0.0,0.295163795530556,-0.36040566654165307,0.6590645567156619
0.0,0.29523741700024686,-0.3603146236121585,0.6590526320343694
0.0,0.29531233670547535,-0.3602232700644632,0.65903488865718
0.0,0.29539195710233845,-0.36012806205663406,0.6590174455137585
0.0,0.29547101578535045,-0.3600346072984888,0.6590034140420586
0.0,0.2955484802769087,-0.3599406455003318,0.658991021927511
0.0,0.29562582410432325,-0.3598463300674135,0.6589742962343537
0.0,0.2957048424955353,-0.35974851736743463,0.6589599904697323
0.0,0.29578382289363614,-0.3596503345722712,0.6589510914970522
0.0,0.29586425715810244,-0.35955169375215384,0.658940915773482
0.0,0.2959440048005949,-0.3594531674822576,0.658926587556917
0.0,0.29602523659097835,-0.35935123066040014,0.658919316080494
0.0,0.2961067490255732,-0.3592507129610284,0.6589101731567287
0.0,0.2961903338671563,-0.3591481144755052,0.6589018644467782
0.0,0.29627345876820604,-0.3590470195008341,0.6588869673799936
0.0,0.2963557142536356,-0.3589461450396422,0.6588820168109427
0.0,0.2964423261018045,-0.3588425603783125,0.6588717230847029
0.0,0.29652891878902665,-0.35873965917481243,0.658855435927233
0.0,0.29660827931813516,-0.35863861284841725,0.6588488367805274
0.0,0.29669695409064106,-0.35853020620105897,0.6588418675321409
0.0,0.29678117412236327,-0.35842453171254424,0.6588306562640253
0.0,0.2968696134977466,-0.35831663195002317,0.6588231626686392
0.0,0.29695854458214516,-0.35820523617670375,0.6588186229164038
0.0,0.2970425977012915,-0.35810176890162276,0.6588148307574239
0.0,0.2971359867468426,-0.35798907395021473,0.6588074693645708
0.0,0.29722132551883856,-0.35788064190563723,0.658807843384688
0.0,0.2973137203985509,-0.3577691370367594,0.6587999546460135
0.0,0.29740360794402193,-0.35765798941096905,0.6587939924996349
0.0,0.29749258813730517,-0.35754763098285586,0.6587930697548516
0.0,0.29758040270142816,-0.35743787972194657,0.6587881071294699
0.0,0.2976728597109732,-0.3573248285184263,0.6587817300056581
0.0,0.2977619887654827,-0.35721294883688226,0.6587821528171428
0.0,0.2978583295522616,-0.35709622005706476,0.6587812345235808
0.0,0.2979485265740647,-0.35698411484230835,0.6587759772940154
0.0,0.29804162242945387,-0.3568700079918475,0.6587703545067005
0.0,0.2981396303083122,-0.3567524407004746,0.6587683049225618
0.0,0.2982319436189188,-0.3566376095053999,0.6587687196387828
0.0,0.2983270388829682,-0.35652281112224765,0.6587661660054362
0.0,0.29841931197305765,-0.35640499692461725,0.6587652755119793
0.0,0.2985154239122076,-0.3562867697217537,0.6587657218447838
0.0,0.2986116003908617,-0.35616643845030627,0.6587687821649798
0.0,0.2987083043789679,-0.35604761178045646,0.6587691974419059
0.0,0.2988083985871827,-0.3559251406848789,0.6587708567517474
0.0,0.29890361116335906,-0.35580659043720286,0.6587675285057479
0.0,0.2989993207014061,-0.3556849977739259,0.6587716585510796
0.0,0.29909988522360004,-0.3555615002808272,0.6587785382947295
0.0,0.29919829361204675,-0.3554412386272086,0.6587735441019624
0.0,0.2992987439283816,-0.3553189678203989,0.6587742790371798
0.0,0.2993989026085879,-0.3551950431678278,0.6587812592909048
0.0,0.29949930742177117,-0.3550684104193882,0.6587866986996204
0.0,0.29959937129701864,-0.3549424340423454,0.6587916246810571
0.0,0.29970181475932134,-0.35481597074698235,0.6587944003667157
0.0,0.2998033762760334,-0.3546885639055153,0.6587992193744079
0.0,0.299908846860545,-0.3545568555660057,0.6588095424405618
0.0,0.30001190442335046,-0.3544288710349675,0.6588182976470861
0.0,0.300118439144247,-0.35430035234738694,0.658819305082262
0.0,0.3002227833530585,-0.3541727595080341,0.6588258697368138
0.0,0.3003294745135312,-0.3540405197109965,0.6588305432331906
0.0,0.30043619297501006,-0.35390784831949046,0.6588407083465067
0.0,0.3005366663573867,-0.3537796032894784,0.6588517067511329
0.0,0.3006460952552259,-0.3536457449615171,0.6588556965084325
0.0,0.3007520810360489,-0.35351648630262444,0.6588625699066862
0.0,0.3008591760940924,-0.35338147759546124,0.6588696865087617
0.0,0.3009705460110294,-0.35324919024913126,0.6588746326186853
0.0,0.30108010883727526,-0.3531145033209099,0.6588838510694965
0.0,0.3011906262630501,-0.3529762895627462,0.6588955662192393
0.0,0.3012987930605628,-0.35284177182042425,0.6589056098808551
0.0,0.3014088838000985,-0.35270383321355603,0.6589127923847393
0.0,0.30151769979211246,-0.35256775309556254,0.65892373987548
0.0,0.30185323662650343,-0.35214876374751214,0.6589597221322634
0.0,0.30196722912713525,-0.3520056540734359,0.6589728301944575
0.0,0.30208529141442836,-0.35186508306160647,0.6589844880729383
0.0,0.3021984202243717,-0.35172481340249817,0.6589954733014701
0.0,0.3023183480289902,-0.3515780926930301,0.6590070106405291
0.0,0.30243693642508085,-0.3514334319320118,0.6590178381977104
0.0,0.30255311951838365,-0.3512915499190271,0.6590321070733478
0.0,0.30267134887170133,-0.351145261858186,0.6590447435160276
0.0,0.3027848041702905,-0.35100259367822156,0.6590579019778038
0.0,0.3029041592153592,-0.350856860508104,0.6590687120466533
0.0,0.3030273781163887,-0.35070844835936693,0.6590830771087812
0.0,0.3031514381004698,-0.35055961712653716,0.6590969958522663
0.0,0.3032694545674099,-0.35041213066957827,0.6591153207176635
0.0,0.30339498946597054,-0.3502601819869957,0.6591267394795001
0.0,0.3035131051527416,-0.35011024479785124,0.6591472199493773
0.0,0.30363721621344053,-0.34995675541050236,0.6591660691258229
0.0,0.3037583026813936,-0.34980622127252,0.6591844764537114
0.0,0.30388173572550836,-0.34965058237651664,0.6592062117280626
0.0,0.3040075055844439,-0.3494993196522058,0.6592211794917232
0.0,0.30412997719830076,-0.34934764329509294,0.6592389780171777
0.0,0.30425511674588396,-0.34919415405965487,0.6592568982859891
0.0,0.3043788847653932,-0.34903996751007416,0.6592765660389774
0.0,0.30450339160173606,-0.34888631263393965,0.659294665004682
0.0,0.3046274847744857,-0.3487317043650039,0.6593097084624022
0.0,0.3047489837974196,-0.3485808648944647,0.6593320200111549
0.0,0.30487357493718886,-0.34842580709618953,0.659351994538444
0.0,0.30500087895111827,-0.3482679770920141,0.659376357094678
0.0,0.30513291326044417,-0.34811024819324765,0.6593865988275258
0.0,0.30525904531511894,-0.347955080161783,0.6594094347652185
0.0,0.30538374844981175,-0.3477998998222916,0.6594338730090857
0.0,0.30551347260574363,-0.34763917969274194,0.6594543281606093
0.0,0.30564581144726,-0.3474759025339313,0.659474421531821
0.0,0.3057709490458818,-0.3473172294992449,0.6595013151738113
0.0,0.30589988265519796,-0.3471577516648565,0.6595255070542575
0.0,0.306028672191185,-0.34699861304568536,0.6595443162119887
0.0,0.3061614294296542,-0.346836364336658,0.6595676050794661
0.0,0.30629183815332417,-0.3466784323642481,0.6595888487676901
0.0,0.3064256761371845,-0.34651632612594757,0.659610828989517
0.0,0.3065591451376257,-0.34635409668163675,0.6596335250802315
0.0,0.3066911433743426,-0.3461899587642038,0.6596595190699115
0.0,0.30682191272076,-0.34602553312010437,0.6596868019916321
0.0,0.3069577027775907,-0.3458598932344621,0.6597054607054458
0.0,0.3070906713629335,-0.34569831524265104,0.6597269788335067
0.0,0.3072252542068791,-0.3455331400452738,0.6597509596731024
0.0,0.3073577884912984,-0.3453714013822453,0.6597732205765355
0.0,0.3074959463159935,-0.34520620340644814,0.6597933647835796
0.0,0.3076386761592708,-0.3450328610244155,0.6598226809892594
0.0,0.3077738101302323,-0.34486657101538776,0.6598466260807405
0.0,0.3079064776900978,-0.34470022431474506,0.6598728433589495
0.0,0.30804398119517645,-0.34452995208581716,0.6598991233577942
0.0,0.30818170861041067,-0.34436005140795545,0.6599192581248767
0.0,0.3083208023007653,-0.34419016313832734,0.6599475420407048
0.0,0.3084557186768835,-0.34402262437063447,0.6599725328500693
0.0,0.3085989488209999,-0.34384960735527453,0.6599952311921343
0.0,0.30874063556223486,-0.34368013482470283,0.6600204639613534
0.0,0.30887834558267036,-0.3435110363467768,0.6600442028442943
0.0,0.3090190607287601,-0.3433377222051248,0.6600740533561752
0.0,0.30915798642796477,-0.34316642025568994,0.6600989350426737
0.0,0.3092971362443304,-0.3429925089904572,0.6601259104413176
0.0,0.30944244832189316,-0.34281728807244743,0.6601481803089448
0.0,0.3095866762818007,-0.34264111319306767,0.6601772966565645
0.0,0.30973079964784517,-0.3424674520706615,0.6602031301893493
0.0,0.30987644489224003,-0.3422906491683761,0.6602266957230659
0.0,0.31002515132200337,-0.3421116399775436,0.6602488214454485
0.0,0.3101726221636611,-0.34193189691790393,0.6602776026333871
0.0,0.3103182254140631,-0.3417514785222507,0.6603041169362173
0.0,0.3104712495818252,-0.34156684577726026,0.6603327389802571
0.0,0.3106194578514529,-0.34138734460160935,0.6603554220951527
0.0,0.3107667374560323,-0.3412066764501558,0.6603849252067201
0.0,0.3109187347890012,-0.3410224401284133,0.6604134323795038
0.0,0.31106834119582505,-0.34084147351849475,0.6604401942029897
0.0,0.3112215506379872,-0.3406575054477159,0.660461847949915
0.0,0.3113772104398913,-0.34047285406427746,0.6604863404273146
0.0,0.3115270647166856,-0.34028869049146515,0.6605165077349299
0.0,0.31167966814984566,-0.34010310403364924,0.6605403229969349
0.0,0.3118304870920399,-0.33991680962240667,0.660571430704756
0.0,0.31198139392816315,-0.3397324273113995,0.6605999840632111
0.0,0.3121350565688182,-0.33954675936842854,0.6606226253200387
0.0,0.31228677733919474,-0.3393639473640673,0.6606484225369401
0.0,0.3124438116745257,-0.33917919989451045,0.6606709185214394
0.0,0.3125985970656462,-0.33899275874250423,0.6606970987974033
0.0,0.31275332048394644,-0.33880553227717825,0.6607247430400648
0.0,0.3129071132671682,-0.33861793428436165,0.6607527019380264
0.0,0.3130639653339088,-0.338426501158393,0.6607773205756333
0.0,0.31321683687097235,-0.3382416787971938,0.6608031175022322
0.0,0.3133736913240251,-0.33805175037557106,0.660830692241752
0.0,0.31352684925100593,-0.3378633893132275,0.6608555507049936
0.0,0.3136794537116973,-0.33767618782223474,0.660883914857097
0.0,0.31383324961504977,-0.3374891867634583,0.6609113662467767
0.0,0.3139892369336622,-0.3373002925650871,0.6609378066743036
0.0,0.31414739026276955,-0.3371093815148597,0.6609649590091825
0.0,0.3143014094788824,-0.3369197174137524,0.660994019073619
0.0,0.31445805906085356,-0.3367275267250279,0.6610232412868677
0.0,0.31461310099661216,-0.3365375251975591,0.6610515053874418
0.0,0.3147731363296192,-0.33634268859667327,0.661074933417197
0.0,0.31492993971150884,-0.33614978024392295,0.6611040121427914
0.0,0.31508951398149243,-0.3359567219879952,0.6611303918727878
0.0,0.31524530790487537,-0.3357644063381561,0.6611546666252996
0.0,0.3154035120034845,-0.33557234776172107,0.6611859802960169
0.0,0.3155592483329391,-0.3353782641886691,0.6612162126750174
0.0,0.31572099320083047,-0.33518108547563696,0.6612440352615802
0.0,0.3158765035557752,-0.3349861069553601,0.661270903730545
0.0,0.3160343511046307,-0.33478865983343015,0.6612975732021009
0.0,0.31619396654380333,-0.3345912289589374,0.6613273798603422
0.0,0.3163545769561201,-0.33439439099790735,0.6613550870468953
0.0,0.316516465717603,-0.334197422414614,0.6613810950258988
0.0,0.31667400715802796,-0.3340041036751369,0.6614081193659145
0.0,0.3168361110789746,-0.3338062874839145,0.661435215907883
0.0,0.3170007978876309,-0.3336039843759888,0.6614641111354049
0.0,0.31716476348234146,-0.3334020472722525,0.6614927524511602
0.0,0.3173297610716166,-0.33319681769325327,0.6615193081834659
0.0,0.31749402632971285,-0.3329924816158113,0.6615451983352899
0.0,0.317662651487337,-0.33278374796860083,0.6615760180991119
0.0,0.31783066888765643,-0.3325771286227588,0.6616046318843538
0.0,0.318004313279307,-0.3323671833507329,0.6616312810796833
0.0,0.31817411922745475,-0.3321583899555958,0.66165982240769
0.0,0.31834513697849054,-0.3319505320722408,0.6616865156071023
0.0,0.31851529447468196,-0.33173795944132706,0.6617143285865189
0.0,0.3186878786209974,-0.33152686543510446,0.6617424122064678
0.0,0.3188595433557494,-0.3313141311896969,0.6617728743704159
0.0,0.3190327884036552,-0.3311014129377732,0.6617962899255788
0.0,0.3192086207169269,-0.33088831767972277,0.661822671031704
0.0,0.3193836825176001,-0.3306734090462287,0.6618563366117525
0.0,0.3195592843880743,-0.3304623188379076,0.6618803283222596
0.0,0.31973363877009026,-0.3302525932114413,0.6619035010604495
0.0,0.31990924015761024,-0.3300369623914371,0.6619315235670165
0.0,0.3200855201477472,-0.32982237546759924,0.6619531646632597
0.0,0.3202601688803382,-0.3296086406967455,0.6619801362731116
0.0,0.3204316504492802,-0.3293945611084935,0.6620102393088745
0.0,0.3206042683779367,-0.32918096621976667,0.6620385175965546
0.0,0.3207813239948985,-0.3289645846789176,0.6620647210933709
0.0,0.32095880197838517,-0.32874663919692604,0.662091929567821
0.0,0.32113264434358424,-0.3285366017161533,0.6621144213559254
0.0,0.32130961841372957,-0.3283196085809099,0.6621406611946381
0.0,0.32148801866210075,-0.32810160808657285,0.6621669370500588
0.0,0.3216602826708145,-0.3278889839536375,0.6621887792740052
0.0,0.32183877057925436,-0.32766847586980785,0.662216650688839
0.0,0.32200952708748365,-0.32745271606884174,0.6622475093658005
0.0,0.3221855216023195,-0.3272356990520484,0.6622743533187473
0.0,0.3223607541168084,-0.3270177859650001,0.6623024336876544
0.0,0.322533594488929,-0.3268024605516043,0.6623251418706941
0.0,0.3227107563680773,-0.32658302961825125,0.66235196256591
0.0,0.32287877718065927,-0.32637020195678174,0.6623813516567866
0.0,0.32305611506252885,-0.3261520772751244,0.6624069208474467
0.0,0.3232326327303978,-0.3259345212319278,0.6624323159397049
0.0,0.3234025053265603,-0.3257206100483424,0.6624557537640376
0.0,0.3235783553929344,-0.325501868000369,0.662482562761799
0.0,0.3237483612627762,-0.3252873364003763,0.6625107465224693
0.0,0.32392416537315427,-0.32506626166092334,0.6625393270783055
0.0,0.3240988553556618,-0.3248474832843675,0.662566398546619
0.0,0.324273128755954,-0.3246301631542351,0.6625920750361344
0.0,0.3244495931638718,-0.32440866506216176,0.6626246851660285
0.0,0.324629608683092,-0.32418561785740463,0.6626452883265261
0.0,0.32480894167246377,-0.3239620457484709,0.6626764092752596
0.0,0.324990718721412,-0.32373580808967806,0.6627027265271352
0.0,0.3251711105466438,-0.32351117168758703,0.6627286116627571
0.0,0.3253541424286809,-0.3232840537711162,0.6627539743335832
0.0,0.32553841344498996,-0.3230517101742475,0.6627783733403003
0.0,0.32571942996927533,-0.3228246087968099,0.662809812977027
0.0,0.32590348861363144,-0.322597111151518,0.6628340742698247
0.0,0.3260841276122386,-0.32237182557705746,0.662859025727082
0.0,0.32627098412623107,-0.32213935453510983,0.6628888244208205
0.0,0.32645920600166656,-0.3219081910442526,0.6629114235695552
0.0,0.3266455307253116,-0.32167618654742597,0.6629411396963074
0.0,0.32682930138062544,-0.32144576716849904,0.6629673976271162
0.0,0.3270115071382216,-0.3212192858328358,0.6629951078756845
0.0,0.32756767715155843,-0.3205179894113094,0.6630747564504557
0.0,0.32775477784891044,-0.32028213634080216,0.6631058738652226
0.0,0.32794176736278935,-0.3200500681215962,0.663133544766231
0.0,0.3281261736452054,-0.31981889785216105,0.6631626401083466
0.0,0.32831358337429273,-0.31958517625981775,0.6631902630998912
0.0,0.3284993973607535,-0.31935661693215933,0.6632141739432772
0.0,0.3286817763048726,-0.31912533874915977,0.6632395377690444
0.0,0.32886215059981067,-0.31889687541697614,0.6632689583045583
0.0,0.3290449135651543,-0.3186665897553326,0.6632927155988169
0.0,0.32922885732720153,-0.3184348167589948,0.6633164011196319
0.0,0.3294154081627279,-0.31820095428367867,0.6633440432072731
0.0,0.3295997909546968,-0.3179666328752014,0.6633735933945345
0.0,0.3297859996052842,-0.31773440954435095,0.6633992531892909
0.0,0.32997092750310697,-0.3175022979401665,0.6634259086001869
0.0,0.33015877847427033,-0.31726829155134917,0.6634511289726688
0.0,0.33033950825930086,-0.31703780769199275,0.6634755899632904
0.0,0.3305256692123284,-0.31680500369219305,0.6635006115820425
0.0,0.3307128431451954,-0.31656911377367947,0.6635234310032905
0.0,0.33089719885369323,-0.3163406404555604,0.6635463775269544
0.0,0.33108068083821574,-0.3161086427335641,0.6635688152253726
0.0,0.33126834425489016,-0.31587464249408104,0.6635927077653501
0.0,0.33145307376971084,-0.3156405715550119,0.6636193657525932
0.0,0.3316395989668451,-0.3154073592230604,0.6636389407703911
0.0,0.3318221633273295,-0.3151770328676682,0.663664114708743
0.0,0.33201352380454285,-0.31493522600116725,0.6636865107290548
0.0,0.33220566679524927,-0.3146926656116408,0.6637130343132321
0.0,0.33239445566238557,-0.3144568582512227,0.6637317594476955
0.0,0.3325888229144077,-0.314215238536485,0.66374979471173
0.0,0.3327812323863677,-0.31397382479198654,0.6637739567783069
0.0,0.33297559727669496,-0.31373001650256127,0.6637930018045531
0.0,0.33317483237173195,-0.31348368028537044,0.6638147239070707
0.0,0.33336838955992054,-0.31324169534459756,0.6638330321978948
0.0,0.3335636647537999,-0.3129970787711097,0.6638564813542334
0.0,0.3337579186217259,-0.31275217000130034,0.6638757152193275
0.0,0.3339532010883773,-0.3125055221879198,0.6638958649842659
0.0,0.3341489661998485,-0.3122588332887716,0.6639195532517884
0.0,0.3343405871037216,-0.3120143363311758,0.6639403517980139
0.0,0.33453393290733846,-0.3117701605953459,0.6639587778499587
0.0,0.3347322731827414,-0.31152173113876835,0.663980599019169
0.0,0.33492689163509115,-0.3112760217909973,0.6639984861323943
0.0,0.3351255218352981,-0.311027546972802,0.6640194122451237
0.0,0.33531970761363106,-0.31078308445878694,0.6640410862143074
0.0,0.33551520773762206,-0.31054041541740895,0.6640544856977287
0.0,0.335711449205184,-0.31029311767888235,0.6640759768078554
0.0,0.3359032198441728,-0.3100507207872505,0.6640915085370347
0.0,0.33609962801246235,-0.30980304874794984,0.6641072671208137
0.0,0.33628865377963885,-0.3095623291661968,0.6641243291819383
0.0,0.3364835437048658,-0.30931322524326266,0.6641473936062666
0.0,0.3366803323250583,-0.3090672204967012,0.6641610429623862
0.0,0.3368708459634835,-0.30882440906797315,0.6641775710552634
0.0,0.3370631635750324,-0.3085826104802748,0.664195412195279
0.0,0.33725332802587643,-0.3083398973924824,0.6642113041413312
0.0,0.33744798126752684,-0.30809599031588525,0.6642238282064356
0.0,0.3376404750312891,-0.3078541311407847,0.6642362582448414
0.0,0.33782715894419996,-0.3076164593985308,0.6642506899207941
0.0,0.3380193194523898,-0.30737426564288006,0.6642679606825306
0.0,0.3382125093893944,-0.3071302575206334,0.664280965855528
0.0,0.3384016882933565,-0.3068928245285801,0.6642965434931063
0.0,0.3385924044934705,-0.3066528974708472,0.6643077180311271
0.0,0.3387809592617924,-0.3064125039892471,0.6643258211310995
0.0,0.3389695783988185,-0.30616892555089753,0.6643422313577201
0.0,0.33916304133390873,-0.30592423697429433,0.6643497515790383
0.0,0.3393528585708069,-0.3056797167339771,0.664365380650167
0.0,0.3395467017713464,-0.30542884172026175,0.6643824496688449
0.0,0.3397379092863485,-0.3051854284994426,0.6643995522534728
0.0,0.33993074544384916,-0.30493660895628827,0.6644103010050217
0.0,0.3401325236011624,-0.3046831758562153,0.6644247330243532
0.0,0.3403276807042829,-0.30443128894606547,0.6644394300170692
0.0,0.34052841217449753,-0.30418133262655667,0.6644514954117198
0.0,0.34072137002562647,-0.30393403507850597,0.6644647694529163
0.0,0.34092151915646823,-0.30368214813560385,0.6644737260691369
0.0,0.34112205884002667,-0.3034269708018533,0.6644899322692112
0.0,0.3413208159805536,-0.3031768808973857,0.6644979866471772
0.0,0.34151915961701096,-0.30292347127094893,0.6645092550360961
0.0,0.3417188149810288,-0.3026696824396078,0.6645193314829196
0.0,0.3419115681993152,-0.30242439782476116,0.6645331770223897
0.0,0.3421122902279238,-0.30216820080057505,0.6645431803322264
0.0,0.3423113117685789,-0.3019120350717437,0.6645545573018563
0.0,0.3425074285003079,-0.3016599877201364,0.6645705491232918
0.0,0.3427036130300102,-0.3014085275747105,0.6645806791586977
0.0,0.34289849199112754,-0.30116020892355794,0.6645889063024748
0.0,0.3430993224738001,-0.3009077230207796,0.6645938829682221
0.0,0.343295185655109,-0.3006575087350881,0.6646065417373525
0.0,0.34349358739413494,-0.30040663667639117,0.6646119403461628
0.0,0.3436926507580083,-0.300153676406959,0.6646237185600617
0.0,0.34388646322953165,-0.2999078264244147,0.6646337855691895
0.0,0.3440815667992748,-0.29965626470043266,0.6646427776625453
0.0,0.344276802084597,-0.29940602292102825,0.6646540068174762
0.0,0.3444730168679322,-0.2991549963455641,0.6646605297969903
0.0,0.3446697696587773,-0.2989023974581797,0.6646722971752969
0.0,0.3448616922628598,-0.29865818218990736,0.6646765968812818
0.0,0.34505567007755933,-0.2984087623736693,0.6646832696676601
0.0,0.34525238712859163,-0.2981546671667106,0.6646955562330717
0.0,0.34544594726225775,-0.2979085195898891,0.6646986717370218
0.0,0.3456398014701971,-0.2976596633294679,0.6647088140155429
0.0,0.3458266421888896,-0.2974182453604135,0.6647146677547712
0.0,0.3460191013133407,-0.29716994338689845,0.6647204808506286
0.0,0.3462177193567012,-0.29691706916364846,0.6647232496071634
0.0,0.34640903186135097,-0.29666786881357887,0.6647351507011283
0.0,0.3466105592789268,-0.29641048169696294,0.6647389176515978
0.0,0.3468019048165257,-0.2961594823939533,0.6647522839977512
0.0,0.3469994274628016,-0.29590561991020226,0.6647567478832321
0.0,0.34719866177898007,-0.2956466327687538,0.6647675481940576
0.0,0.34740063944491006,-0.2953860472374252,0.6647715066192028
0.0,0.347992975778385,-0.2946180663695674,0.6647858976262534
0.0,0.34819675859821264,-0.2943565384435914,0.664793093653876
0.0,0.3483987544384595,-0.29409669500386754,0.6647948318391254
0.0,0.3486001626156826,-0.2938367269547908,0.6647972595163664
0.0,0.3488009981658759,-0.29357643772339376,0.6648052482656662
0.0,0.3489978909444994,-0.29332322908358693,0.6648063633349391
0.0,0.34919753791593194,-0.2930642387021582,0.6648139899989312
0.0,0.34939435923085593,-0.2928056888028665,0.6648185985970121
0.0,0.34959474608239094,-0.29254405195404154,0.6648220338714029
0.0,0.3497944666349621,-0.2922849379090603,0.664823716771038
0.0,0.3499865759735729,-0.29203512532097864,0.6648251105722136
0.0,0.35018526678869616,-0.29177915888737427,0.6648247978814774
0.0,0.35038057456736293,-0.2915251047777248,0.6648299044125655
0.0,0.35057745263309525,-0.29126834922730105,0.664835250933239
0.0,0.35078056313745754,-0.29100904627686563,0.6648318356096337
0.0,0.3509726224880155,-0.29075763782845054,0.6648333531550262
0.0,0.35116966437588737,-0.2905032945631192,0.6648361799896224
0.0,0.35136363315573144,-0.290249246028474,0.6648366572163629
0.0,0.3515599748630389,-0.28999249754405065,0.6648366059166905
0.0,0.3517562599159748,-0.2897364475430586,0.664835508584308
0.0,0.3519488145011018,-0.28948817496981816,0.6648360228652114
0.0,0.3521370549902989,-0.2892413073156848,0.6648401766546884
0.0,0.3523309320363007,-0.2889877080249747,0.6648387557524487
0.0,0.352523016398523,-0.288735404805788,0.6648378850358577
0.0,0.3527178039321346,-0.2884816305093329,0.6648353733845258
0.0,0.35290456275410426,-0.2882373144621548,0.6648325664510659
0.0,0.3530947971427802,-0.2879852391618448,0.6648327026075228
0.0,0.3532868466194271,-0.2877347581463076,0.6648290278141684
0.0,0.3534757567787973,-0.2874882583474596,0.6648246060324043
0.0,0.3536729010802397,-0.2872313976369093,0.6648205703607577
0.0,0.3538647966010339,-0.28697837951139293,0.6648183939311822
0.0,0.354059777763549,-0.28672069462938754,0.6648220531335004
0.0,0.354254809835949,-0.28646212276601135,0.6648209640488917
0.0,0.35445022096781487,-0.2862068682883348,0.6648158385714957
0.0,0.35465283348145055,-0.2859401311173365,0.6648126141977437
0.0,0.3548481799875518,-0.2856819545980328,0.6648094500966513
0.0,0.3550438736754795,-0.28542420595551854,0.6648056648570885
0.0,0.35524013897969575,-0.285164833941198,0.6648022804492572
0.0,0.355437568486116,-0.2849030371926792,0.6647991833922549
0.0,0.3556383965162235,-0.2846387054574535,0.6647939537311309
0.0,0.3558385732180047,-0.2843768190046336,0.6647918124070726
0.0,0.35603094746114183,-0.28412065226041383,0.66478798271047
0.0,0.35622631208437566,-0.283863635342194,0.6647816646702162
0.0,0.35642353003063687,-0.2836027546701873,0.6647757127537943
0.0,0.3566202498122117,-0.2833400189726809,0.664771699940944
0.0,0.3568176627573875,-0.2830766113690198,0.6647675909306731
0.0,0.35701042946014905,-0.28282250410876403,0.6647602896427568
0.0,0.35720626191024374,-0.2825613465363523,0.6647602358840461
0.0,0.3573978693430651,-0.2823079124063146,0.6647528108467488
0.0,0.35759378244951046,-0.282049722812066,0.6647442742573527
0.0,0.3577913724778935,-0.28178903626029517,0.6647355370338454
0.0,0.35798305636797007,-0.2815327755804894,0.6647343923814402
0.0,0.358175987284562,-0.28127363996716415,0.6647247123405691
0.0,0.35836397933579717,-0.2810225474697543,0.664717927730644
0.0,0.35855780673730786,-0.28076467455655074,0.6647099393464214
0.0,0.3587516199577899,-0.2805024837958189,0.6647094936860902
0.0,0.35894315487088707,-0.2802505298083211,0.6646980795328686
0.0,0.3591317617798173,-0.27999605492451246,0.6646917573267871
0.0,0.3593181341402417,-0.2797440869088796,0.6646904317288865
0.0,0.3595073478630516,-0.2794902293536512,0.6646824025185234
0.0,0.3596957835495531,-0.27923701767826503,0.6646741740151993
0.0,0.3598858742220152,-0.2789818379738542,0.6646655247827307
0.0,0.3600719300122589,-0.27873218581101483,0.6646569097913624
0.0,0.360258860136433,-0.2784787343049182,0.6646545637452848
0.0,0.36044488140938685,-0.2782277374521849,0.6646458516169531
0.0,0.3606382233128983,-0.2779684739300403,0.664635746636305
0.0,0.3608305502637904,-0.2777101859601449,0.6646258817776401
0.0,0.3610180219788873,-0.27745623604716907,0.6646175955788522
0.0,0.36120945682890443,-0.2771983643036312,0.6646127896553315
0.0,0.3614014117649007,-0.2769388368898328,0.6646033627113042
0.0,0.3615994804114538,-0.2766730610821347,0.6645917664531328
0.0,0.36179374032841766,-0.2764102067935207,0.6645819568345559
0.0,0.3619880292003086,-0.27615078825959594,0.6645687259303388
0.0,0.3621809792382346,-0.27589272175743496,0.6645605070167945
0.0,0.36237337285016885,-0.2756323348146539,0.6645498182405989
0.0,0.3625701269710165,-0.2753689788587704,0.6645406710449472
0.0,0.3627688997252319,-0.27510321747179944,0.6645268205298547
0.0,0.36296018498863025,-0.27484365567649294,0.6645156934885399
0.0,0.3631534554044591,-0.27458386416994623,0.6645025998101688
0.0,0.36334322061611835,-0.27432715142877073,0.6644945724372558
0.0,0.3635400001269009,-0.27406243880788506,0.6644803996499703
0.0,0.36373369757707263,-0.2737969480066132,0.6644694902825543
0.0,0.3639250194851622,-0.2735402935192126,0.6644539025296863
0.0,0.36411542277148135,-0.273281838967691,0.6644459535941131
0.0,0.36430525202337083,-0.2730254331309843,0.6644318762858337
0.0,0.36449175537666356,-0.27277256386929793,0.6644175055769854
0.0,0.3646847419817049,-0.27250954937620964,0.6644042063876716
0.0,0.3648734388981658,-0.27225512914608957,0.6643928748241847
0.0,0.36506355633730414,-0.271999150745811,0.6643767219425211
0.0,0.36524768067428337,-0.2717512405856782,0.664364714020214
0.0,0.36543607692305247,-0.2714946067556597,0.6643503874906582
0.0,0.36563026004344934,-0.2712335979299452,0.6643326866338531
0.0,0.3658139398791812,-0.2709846057338733,0.6643206640837228
0.0,0.36600136302589475,-0.27072923969300466,0.6643053881337196
0.0,0.3661853718751534,-0.27047596359855786,0.6642920751532987
0.0,0.3663683541789411,-0.27022466462363226,0.6642774870097842
0.0,0.36655237794226814,-0.26997329755727867,0.6642614098645687
0.0,0.366733991122542,-0.26972425551176704,0.6642504099760469
0.0,0.36691874877416353,-0.26947129613005916,0.6642298310367871
0.0,0.3671022708907373,-0.26921604161262697,0.6642212839194379
0.0,0.3672831189346153,-0.2689698350874457,0.6642036205100159
0.0,0.3674641893248228,-0.26872017914751667,0.6641880935602351
0.0,0.36764826530521555,-0.26846772746384284,0.664171039912179
0.0,0.36783698131950454,-0.2682089612641543,0.6641536494120571
0.0,0.3680240712708207,-0.2679508768503955,0.6641371694159606
0.0,0.3682062705601614,-0.26769826686316295,0.6641220840179566
0.0,0.3683958491135544,-0.26743654138351847,0.6641101259117159
0.0,0.3685837473071566,-0.2671768912370689,0.6640883549471334
0.0,0.3687722759586011,-0.2669153268088985,0.6640719075594937
0.0,0.36896209398355595,-0.26665331752371585,0.6640594221044277
0.0,0.36914770129154734,-0.26639628953748895,0.6640376786055123
0.0,0.36933677140833066,-0.26613508160715993,0.6640195592426651
0.0,0.3695289882659572,-0.2658679522407713,0.6640022351492733
0.0,0.36971865706108986,-0.2656079449326355,0.6639767176772898
0.0,0.36990833243765786,-0.26534567725760855,0.6639625145241932
0.0,0.3700923802661474,-0.2650876798623615,0.6639416650902009
0.0,0.37027944606779545,-0.26482731141202415,0.6639286578826947
0.0,0.370468362499571,-0.2645634235663603,0.663906122112212
0.0,0.370653320577944,-0.2643057323803337,0.663887021261784
0.0,0.37084063247859994,-0.2640439034716636,0.6638640714966809
0.0,0.37102612137169566,-0.2637869978072446,0.6638487844534181
0.0,0.37121046892999554,-0.26352963969794,0.663829672315699
0.0,0.371397907935857,-0.26327035477630883,0.6638082185553341
0.0,0.3715825164198584,-0.2630130813882177,0.663787966790936
0.0,0.37176897617906135,-0.26275446788338025,0.6637663929071338
0.0,0.3719517189438441,-0.2624967759159591,0.6637483184665862
0.0,0.3721340586876312,-0.2622421089192445,0.6637280932675352
0.0,0.3723153367273699,-0.2619862701283841,0.6637093641569402
0.0,0.3724959239167651,-0.2617328442170931,0.6636843700716478
0.0,0.37267688807541577,-0.26147899982937534,0.6636635889260543
0.0,0.37286103935659026,-0.26122245945337946,0.663645914004342
0.0,0.37303968554270966,-0.2609740562557943,0.6636231834316549
0.0,0.3732186982972763,-0.2607201273100102,0.6636040139134779
0.0,0.37339770070808687,-0.2604716099796571,0.6635803937733984
0.0,0.3735770890896207,-0.26021700380619356,0.6635557170256766
0.0,0.37375593235376836,-0.25996165227602575,0.663536976937772
0.0,0.37393332046583666,-0.25971492745511227,0.663512906962064
0.0,0.37411098032254364,-0.2594652454492103,0.6634856991451458
0.0,0.37428795976481877,-0.25921659859369284,0.6634676370994057
0.0,0.37447228254371767,-0.2589558233239978,0.6634456368892457
0.0,0.3746550732297211,-0.25869748673556514,0.6634234463221261
0.0,0.3748343271610048,-0.25844495645407106,0.663400419994252
0.0,0.37501474165070314,-0.2581904832425116,0.6633773385314303
0.0,0.3751982069416493,-0.2579288398178275,0.6633510940352607
0.0,0.37538333423358206,-0.2576683264201448,0.6633262746513903
0.0,0.3755683340845155,-0.25740701206108424,0.6633018789300482
0.0,0.37575076857900946,-0.25714961718897655,0.6632773294658608
0.0,0.3759347536737828,-0.25688968068879914,0.6632531453830515
0.0,0.37611905379626054,-0.25663124840438495,0.6632269242315804
0.0,0.3763036454369849,-0.2563688938475783,0.663202654767909
0.0,0.376488919553695,-0.2561063382485694,0.663177448357536
0.0,0.3766733715295068,-0.2558452172933676,0.6631522432646207
0.0,0.37685474301298544,-0.2555870189884214,0.6631275874823416
0.0,0.37703867773783734,-0.2553270053449051,0.663101262918165
0.0,0.37722093762196274,-0.2550643870578872,0.6630786536772858
0.0,0.37740326669245255,-0.2548041151864175,0.6630531847080191
0.0,0.3775833222413913,-0.25454866392844255,0.6630318480453803
0.0,0.37776306124235204,-0.25429217455764913,0.6630064723408846
0.0,0.3779454276954429,-0.2540337105731942,0.6629844081282822
0.0,0.3781236020623851,-0.2537799855682123,0.6629531593146499
0.0,0.3783023034011317,-0.2535239033020765,0.6629325024577087
0.0,0.3784827180941942,-0.25326429356924807,0.6629072207042265
0.0,0.37865860927595796,-0.253014712127835,0.6628797823033382
0.0,0.3788380963850686,-0.25275744531212613,0.6628586281147879
0.0,0.37901183770559616,-0.2525073760203023,0.6628335526979456
0.0,0.3791911108002624,-0.25225148736432496,0.6628057352940638
0.0,0.37936743186297855,-0.2519978558537315,0.6627841933091684
0.0,0.37954163525338125,-0.25174891754283585,0.6627566000486353
0.0,0.3800599220235666,-0.25099952335114084,0.6626834470825678
0.0,0.38023455122825506,-0.25074775922737785,0.6626609926392742
0.0,0.3804037447823475,-0.2505028067971399,0.6626350218587834
0.0,0.38057678052925675,-0.25025209001197607,0.6626133006026116
0.0,0.3807466047691141,-0.2500059457508315,0.6625917691629319
0.0,0.3809193687638036,-0.24975802219860688,0.6625628753573009
0.0,0.3810905932999431,-0.24950842545813834,0.6625365478384767
0.0,0.38126578126270894,-0.2492540529391895,0.6625136483414507
0.0,0.3814390241842545,-0.24900231825548258,0.6624859645471406
0.0,0.3816139434292106,-0.24874821496131722,0.6624630128671124
0.0,0.3817860417296435,-0.24849624909822524,0.6624409477520161
0.0,0.3819623409522519,-0.24823852958559836,0.6624177620496299
0.0,0.38213831802969767,-0.24798284147666097,0.6623885373974956
0.0,0.38231592756549915,-0.24772402830548124,0.662364056714885
0.0,0.3824939023128714,-0.24746312880930332,0.6623406507256138
0.0,0.3826667085612919,-0.24721103083867596,0.6623161709340327
0.0,0.3828435452396005,-0.24695119431244514,0.6622879698657894
0.0,0.38302029718964675,-0.2466945745638911,0.6622613843805847
0.0,0.3831951979904502,-0.2464344196626233,0.6622396230485093
0.0,0.38337304505234504,-0.24617405385583863,0.6622144208203338
0.0,0.38354573166352857,-0.24591956836792825,0.6621905665386564
0.0,0.38372074275844087,-0.24566109124997748,0.6621618369454283
0.0,0.38389610025980714,-0.24540333046236168,0.662140856484136
0.0,0.3840715700975225,-0.24514696499506322,0.6621138201860326
0.0,0.38424580518605117,-0.24488901641832878,0.6620891739249877
0.0,0.3844179476607599,-0.24463958316630371,0.662060765731713
0.0,0.38459257014391673,-0.24438214455166182,0.6620349880543712
0.0,0.3847653424130229,-0.24412604083484055,0.6620100193235844
0.0,0.38493561735529136,-0.24387354310327075,0.6619803501955954
0.0,0.3851048685897577,-0.24362115349422947,0.661956591109205
0.0,0.38527500702460604,-0.24337295051341926,0.6619279902350074
0.0,0.3854459060055275,-0.24311894466800238,0.661902675736136
0.0,0.38561781773795517,-0.24286533367840146,0.6618754600474877
0.0,0.38578541724107696,-0.24261582498430703,0.6618500546384923
0.0,0.3859528659215606,-0.24236675877833247,0.6618240546559992
0.0,0.3861190339851484,-0.24212189089450578,0.6617918849021697
0.0,0.3862874491702327,-0.24186926359770258,0.6617671377854325
0.0,0.38645225004324557,-0.2416221331541097,0.661742483097967
0.0,0.3866147034971466,-0.24137710337599014,0.6617183880959414
0.0,0.3867791775034541,-0.24112977011033584,0.6616889323597147
0.0,0.38694069176460955,-0.24088738006992721,0.6616637077805961
0.0,0.38710503087856374,-0.2406400947449623,0.6616385125184552
0.0,0.38727048202694747,-0.2403930605704779,0.6616112496460156
0.0,0.38743290162396854,-0.2401469227628386,0.6615871206849009
0.0,0.3875967504737929,-0.23990238236894423,0.6615594178125958
0.0,0.38776147325384475,-0.23965424796681534,0.6615332898708607
0.0,0.3879261226856555,-0.239405861031802,0.6615024800226283
0.0,0.38809123118636557,-0.23915691280380152,0.6614761090707332
0.0,0.38825757496377333,-0.23890741540034438,0.6614432358550286
0.0,0.3884230822073712,-0.23865516784526583,0.6614224993465346
0.0,0.3885884279195412,-0.2384002849182731,0.6613943446187206
0.0,0.3887570410097813,-0.23814519699544068,0.661366496950623
0.0,0.3889232583138754,-0.23789249276848293,0.6613401762926735
0.0,0.3890888222394932,-0.2376410126485129,0.6613131767556218
0.0,0.3892567388322561,-0.23738470132128148,0.6612866350915414
0.0,0.38942428697293097,-0.23712793526484702,0.6612602848768746
0.0,0.38958908673762865,-0.23687345050727587,0.6612305283444543
0.0,0.3897559681549872,-0.2366151209046084,0.6612058390993558
0.0,0.3899191957509625,-0.23636424758255115,0.6611748118733752
0.0,0.39008303276804507,-0.23611327534279225,0.6611478052633868
0.0,0.3902489899711702,-0.23585519134243133,0.6611275278483227
0.0,0.3904130833170364,-0.2356004640814418,0.6611022175190243
0.0,0.3909021211383014,-0.23484579866987382,0.6610214747195438
0.0,0.39106281154741956,-0.23459395236930142,0.6609972057549328
0.0,0.39122203884168677,-0.23434414828591899,0.6609728802837295
0.0,0.39138261843022976,-0.23409559999635102,0.6609455239387303
0.0,0.39154306245708465,-0.23384627243042921,0.6609138781545725
0.0,0.39170022234478613,-0.2336012991312076,0.6608920869282547
0.0,0.39185884131858556,-0.2333524122596104,0.6608619861847469
0.0,0.39201466025090853,-0.23310850538853264,0.660840932086144
0.0,0.3921712509055108,-0.2328602908505412,0.6608169173052449
0.0,0.3923271038440859,-0.23261306709307894,0.6607934032616735
0.0,0.39248137203565414,-0.2323726823771109,0.6607663579073135
0.0,0.3926345676754481,-0.2321298518290434,0.6607372372100878
0.0,0.392788347828542,-0.2318855623713946,0.6607129322165087
0.0,0.39294065570961,-0.2316460322756775,0.6606866696079521
0.0,0.39309247453278606,-0.2314044591650585,0.6606625711381229
0.0,0.39324239585927007,-0.23116701576430568,0.6606372684026508
0.0,0.39339502081388744,-0.23092455433116585,0.6606121257847856
0.0,0.3935464306394549,-0.23068255469097,0.6605879650775215
0.0,0.3936958402206968,-0.23044432674918802,0.6605632573862323
0.0,0.39384461269458115,-0.23020423968331188,0.6605404909161627
0.0,0.39399293960414067,-0.22996710893261052,0.6605156898599397
0.0,0.3941431428803275,-0.2297270358795491,0.6604904186706813
0.0,0.39429586671847705,-0.2294836295874481,0.6604642341173875
0.0,0.3944481390869166,-0.22924047812949913,0.6604381933004586
0.0,0.3945967267764003,-0.22899696725526172,0.6604168714328889
0.0,0.3947496982362833,-0.2287545179573905,0.6603891246356127
0.0,0.3949035230299638,-0.22850506726609227,0.6603648794375024
0.0,0.39505768754055437,-0.22825388356610327,0.6603407167132861
0.0,0.3952100352622564,-0.22800743559421757,0.6603155294307508
0.0,0.3953610525823797,-0.2277602845629143,0.6602921110615773
0.0,0.3955127849310811,-0.22751550927370584,0.6602708658101892
0.0,0.39566431993342344,-0.22726803623169023,0.6602416036129907
0.0,0.3958192633275028,-0.22701685195999413,0.6602198880298779
0.0,0.3959702790900733,-0.2267688646203441,0.6602005089386378
0.0,0.3961214477244342,-0.22652093226926584,0.6601763846051091
0.0,0.39627390339217167,-0.2262696486770162,0.6601526905851315
0.0,0.3964221079769958,-0.226026803346529,0.6601280847644436
0.0,0.3965706483516121,-0.2257790402259786,0.6601055194867905
0.0,0.3967202004922691,-0.22553096133867323,0.660081517634699
0.0,0.3968675237128174,-0.22528518118585486,0.6600634056032549
0.0,0.39701747325149095,-0.22504306253742748,0.6600346525106667
0.0,0.39716478977106806,-0.22480128209060066,0.6600135650506053
0.0,0.3973132314281999,-0.22455245430558857,0.6599956006669745
0.0,0.3974586485611119,-0.22431200354016362,0.6599706263893881
0.0,0.39760511892396694,-0.22407005632045215,0.6599451523738314
0.0,0.39774970217844213,-0.22382580964660165,0.6599236823984945
0.0,0.39789132354582346,-0.22359251058090174,0.6599024829122485
0.0,0.39803538202944544,-0.2233510692452092,0.6598787632391975
0.0,0.3981800724056983,-0.2231075527883534,0.6598555135557793
0.0,0.3983209117214703,-0.2228704527461723,0.6598367370242677
0.0,0.3984627519187997,-0.22263401899921123,0.6598119271267517
0.0,0.3986039660932848,-0.222397570787089,0.6597920589031289
0.0,0.39874476972188083,-0.22216030368149858,0.6597684665624681
0.0,0.3988830516282597,-0.2219205022819532,0.6597495811182814
0.0,0.3990221026407485,-0.22168705002666833,0.6597250008351766
0.0,0.3991584533653986,-0.2214540179521836,0.6597034506992938
0.0,0.3992936329290394,-0.22122348277642043,0.6596814153534909
0.0,0.3994324911954196,-0.22098716179489716,0.6596581940105775
0.0,0.399569059843717,-0.22075411357436414,0.659630643947957
0.0,0.39970368121237027,-0.22052278957305121,0.6596137010135005
0.0,0.3998390892656329,-0.22028914754521944,0.6595923833419791
0.0,0.39997185287272075,-0.22005992499798507,0.6595711004448666
0.0,0.40010478433630525,-0.21982808332804366,0.6595512936468878
0.0,0.4002408768504612,-0.21959080165625322,0.6595357696902466
0.0,0.40037543231550055,-0.21935877339658583,0.6595089970909949
0.0,0.40051106166094297,-0.21911956715053843,0.6594903239667559
0.0,0.40064805803917203,-0.2188808787959827,0.6594690122332849
0.0,0.40078321304304354,-0.2186445951940767,0.6594480820236994
0.0,0.4009216215280023,-0.21840400890625228,0.6594307361025655
0.0,0.4010593350445923,-0.21816627899300906,0.6594023416434007
0.0,0.401196043008046,-0.21792320976249996,0.6593880987025698
0.0,0.40133421847319506,-0.21768265200492912,0.659365686292799
0.0,0.401467185427723,-0.21744511519671125,0.6593470846631859
0.0,0.4016043640631908,-0.21720291246109008,0.6593262786124999
0.0,0.4017380754294417,-0.21696464618954767,0.6593066794914789
0.0,0.40187490151355537,-0.2167230365649041,0.6592849911285272
0.0,0.4020107866661543,-0.21647999182170513,0.6592653159246697
0.0,0.4021425712268657,-0.21624222021480827,0.6592473050562423
0.0,0.40241038774483673,-0.21576301281659244,0.6592072621982106
0.0,0.40254255854624577,-0.21552486109374294,0.6591928854346089
0.0,0.402676440763661,-0.21528376865170532,0.6591732805225403
0.0,0.4028068336955701,-0.21504969438229193,0.6591534665542165
0.0,0.4029365487668911,-0.2148143428553495,0.6591346960996255
0.0,0.4030675106390643,-0.21457560739047157,0.6591165951113744
0.0,0.40319657427784855,-0.2143450011038226,0.6590950265890869
0.0,0.40332638423659845,-0.21410839848870045,0.6590808105089997
0.0,0.403453438927248,-0.21387818798354546,0.6590611673457417
0.0,0.4035803187912925,-0.2136479698413436,0.6590413945018924
0.0,0.4037073303586565,-0.21341591013430575,0.6590229645605719
0.0,0.40383179106083705,-0.21318410875917948,0.659006828035216
0.0,0.4039562913529273,-0.21295324537575466,0.6589945422866368
0.0,0.40407927227183976,-0.21272648856143617,0.6589769665492844
0.0,0.4042032403386475,-0.21249813375666662,0.6589586244543024
0.0,0.40432558483606906,-0.21226974563135614,0.6589420050319917
0.0,0.40444709770219833,-0.21204327834440448,0.658929448289967
0.0,0.4045709888766347,-0.21181762058258494,0.6589087901539994
0.0,0.4046877929496507,-0.21159748278299934,0.6588931087800973
0.0,0.4048087982168724,-0.21137038826599255,0.6588769057756663
0.0,0.40492762150162565,-0.21114863403790285,0.658859576894277
0.0,0.40504802751901897,-0.21092489086385902,0.6588460661483309
0.0,0.40516739051370876,-0.21070004930111438,0.6588297368390794
0.0,0.4052859715358544,-0.21047570338533655,0.658813722250198
0.0,0.40540446086183063,-0.21025755629629195,0.6587934848178816
0.0,0.40552262049478294,-0.21003334411351882,0.6587824141703985
0.0,0.40563812794104276,-0.20981319784670802,0.6587664484230701
0.0,0.40575517128814653,-0.20959121523408658,0.6587452059987406
0.0,0.4058706683198424,-0.2093669496128734,0.6587317895416196
0.0,0.4059850771413238,-0.20915095271106737,0.6587190902100325
0.0,0.4061037981840476,-0.20892339863332482,0.6587035467576039
0.0,0.406220931180365,-0.20869931888873894,0.6586879298270578
0.0,0.40633703266291354,-0.20847341207658543,0.6586740932808706
0.0,0.4064563436746308,-0.20824366365494668,0.6586584723046366
0.0,0.40657193546096543,-0.20802020748048222,0.6586478972128076
0.0,0.4066909432867177,-0.2077918161790841,0.6586313796572472
0.0,0.40680939695021934,-0.20756565752918862,0.6586137557016291
0.0,0.40692796256348074,-0.20733459389255543,0.6586038144464076
0.0,0.4070445038852956,-0.20710579715939692,0.6585901247690679
0.0,0.4071628170465217,-0.20687600160505049,0.6585744115154474
0.0,0.40728017902079766,-0.20664712524932222,0.6585590979186586
0.0,0.4073977472786883,-0.2064167888594381,0.6585489791502828
0.0,0.4075128773549294,-0.20618654806169479,0.6585415422213178
0.0,0.40763219090802205,-0.20595413938853097,0.6585253700590937
0.0,0.40774524168738163,-0.2057302442812823,0.6585114508919072
0.0,0.4078613134699492,-0.20550223361886547,0.6585012232259901
0.0,0.40797812691270696,-0.20527093863906049,0.6584865550113448
0.0,0.40808987169482563,-0.2050487263267406,0.6584771484230854
0.0,0.40820527771216353,-0.20481746068978013,0.6584641262560773
0.0,0.40831884647177435,-0.20459610525449146,0.6584517400414296
0.0,0.4084298170829332,-0.20437682339507307,0.6584412203732194
0.0,0.40854207431102774,-0.20415311243257414,0.6584268096210875
0.0,0.40865429026975864,-0.20392620526531857,0.6584188899540159
0.0,0.4087641042825707,-0.2037068532356752,0.6584043607629407
0.0,0.40887533302733087,-0.20348357840017217,0.6583951918846636
0.0,0.40898287027461483,-0.20326673681241014,0.6583861462309966
0.0,0.4090918485202026,-0.2030467638651706,0.658372598926906
0.0,0.40919834964499024,-0.20283070273029377,0.6583640694198746
0.0,0.40930674120575516,-0.20261054595287176,0.658351172534263
0.0,0.4094144317830253,-0.20239299720953632,0.6583418122244978
0.0,0.40951761841814205,-0.20217994089825064,0.6583355898645771
0.0,0.4096246028622139,-0.20196401946659606,0.6583212546341312
0.0,0.4097284199650615,-0.20175355365158226,0.6583118438549527
0.0,0.40983216453806787,-0.20153995540978878,0.6583043586085838
0.0,0.4099376263377551,-0.20132400371788053,0.6582911532784459
0.0,0.41004146364938054,-0.20111102628355865,0.6582825459511172
0.0,0.41014272897385845,-0.20090309099588824,0.6582696645696184
0.0,0.41024401216175316,-0.20069342108267813,0.658262233420528
0.0,0.41034411086105216,-0.20048522426066995,0.658255324142976
0.0,0.4104462890654345,-0.2002724119016849,0.6582484330837274
0.0,0.41054641481951565,-0.20006421350685885,0.6582361516038834
0.0,0.410648321190842,-0.19985360139356023,0.6582279105093177
0.0,0.4107490904275194,-0.1996450924933734,0.6582198800716287
0.0,0.4108484102324355,-0.19943850120186843,0.6582115583814114
0.0,0.41094740517502176,-0.19922784229750665,0.658201544650753
0.0,0.41104457581067855,-0.19902209606601523,0.6581950600901957
0.0,0.41114162878732236,-0.19881565897959064,0.6581846921750888
0.0,0.4112403597407786,-0.19860706269987588,0.6581830040282769
0.0,0.41133772011685876,-0.19839949942310853,0.6581727136727242
0.0,0.4114375412552504,-0.19818345589081665,0.6581642465699011
0.0,0.4115347582387111,-0.19797334805397704,0.6581599878574661
0.0,0.4116322608652202,-0.19776084850492376,0.6581566563242366
0.0,0.41173200353260525,-0.19754714998641226,0.6581463459047165
0.0,0.41183017583143067,-0.19733335607940475,0.65814234348867
0.0,0.4119280763369944,-0.19712143626638556,0.6581376120601934
0.0,0.41202681407854846,-0.1969089836207195,0.6581318433958154
0.0,0.41212715571184744,-0.1966912220805564,0.6581222783192184
0.0,0.4122249869211485,-0.19647857478278247,0.6581225069216552
0.0,0.4123229556837372,-0.19626301810274305,0.6581143379552433
0.0,0.41242188446784434,-0.19604664595141608,0.6581098334852588
0.0,0.4125193716109462,-0.19583153788832433,0.6581063861864043
0.0,0.4126170650061522,-0.19561876182412458,0.6581011097391686
0.0,0.41271335278406446,-0.19540402426300285,0.658098454628581
0.0,0.41280828311571277,-0.1951934470156893,0.6580952598283349
0.0,0.41290573393114716,-0.19497717606773868,0.6580918114914421
0.0,0.41299974087740177,-0.19476504064781688,0.6580899229968238
0.0,0.41309554452479597,-0.19455483426290984,0.6580846980358088
0.0,0.4131885170967089,-0.1943419705318579,0.6580844260200003
0.0,0.4132798138280912,-0.1941361943707321,0.6580817816022843
0.0,0.4133714277068246,-0.1939272781587572,0.6580804504150259
0.0,0.4134638402679006,-0.19371627260075513,0.65807468342371
0.0,0.41355443109946516,-0.19351052193880092,0.6580771479810764
0.0,0.4136443980056338,-0.19330351848467592,0.6580716602317933
0.0,0.4137334462812658,-0.1931004940418517,0.658069557125666
0.0,0.41382245390416145,-0.19289269698575867,0.6580702204006766
0.0,0.41391369787252363,-0.19268437938749744,0.6580634155962676
0.0,0.4139995934453187,-0.19248671321609867,0.6580616229876464
0.0,0.414087890610973,-0.19228511033036474,0.6580589215256722
0.0,0.41417443327546133,-0.19208098429895787,0.6580598658422853
0.0,0.41426176566153317,-0.19187943569626378,0.6580581648622167
0.0,0.4143482481028807,-0.19167951742349873,0.658056737346907
0.0,0.4144334158136269,-0.19148223098666667,0.6580550919753243
0.0,0.4145182266360047,-0.19128234599408622,0.6580508174568136
0.0,0.4146010805276934,-0.19108502645179448,0.6580519247699935
0.0,0.41468405714676937,-0.1908854207722964,0.6580538689138392
0.0,0.4147649353180717,-0.19069107891482287,0.6580506601271046
0.0,0.4148454824006973,-0.19050029069859623,0.6580503214201759
0.0,0.41492830249819124,-0.19030510029345737,0.658049525841163
0.0,0.4150105312209332,-0.19010783010909418,0.658050297259954
0.0,0.41509032384350253,-0.1899148403564117,0.6580471703560244
0.0,0.41517063770235635,-0.18972293573375493,0.6580521165378937
0.0,0.4152486187956667,-0.1895335066761021,0.6580492580821912
0.0,0.4153292553907715,-0.18933954345763998,0.6580498159695973
0.0,0.41540914456056255,-0.18914371045260367,0.6580475098364488
0.0,0.41548622106408084,-0.18895478728863424,0.6580491843934606
0.0,0.4155647270622258,-0.18876479859325826,0.6580497170163118
0.0,0.41564327645055604,-0.18857381985359842,0.6580508107392251
0.0,0.4157209856568716,-0.18838357774205744,0.6580475457586117
0.0,0.41579938252563897,-0.18819154692907059,0.6580488467912429
0.0,0.41587615681560325,-0.1880014237799631,0.6580513210830062
0.0,0.41595128809722237,-0.18781317354070853,0.6580544904967529
0.0,0.41602811461059325,-0.18762005123545028,0.6580583011673514
0.0,0.4161047166394828,-0.18742379374050097,0.6580589696066929
0.0,0.4161786901143219,-0.18723666986959733,0.6580628127608361
0.0,0.4162540920124515,-0.18704595104773009,0.6580621600040722
0.0,0.41633043556197996,-0.18685214630679806,0.6580661871827583
0.0,0.416409753658618,-0.18665308493593166,0.6580740928252269
0.0,0.4164847951086942,-0.18646009868339186,0.6580745404519364
0.0,0.4165627191617621,-0.18626525676285555,0.6580770639761466
0.0,0.4166344993416293,-0.18607433203938745,0.6580851179489825
0.0,0.4167133319853292,-0.18587533445847346,0.6580884939075349
0.0,0.41678886469986454,-0.18568030106032435,0.6580935563925968
0.0,0.41686057396013326,-0.1854887016613805,0.6580964845659268
0.0,0.4169352298764466,-0.18529273246657268,0.6581029028151779
0.0,0.41700951157160177,-0.18509896388095526,0.6581084328772636
0.0,0.41707957625277664,-0.18491058166598978,0.6581164184129935
0.0,0.41715238920534925,-0.18471478156147317,0.6581247938738713
0.0,0.4172251596672476,-0.18452299988223017,0.6581307876954575
0.0,0.41729704843677606,-0.1843321916965887,0.6581422277316116
0.0,0.4173676878143501,-0.18413903349875096,0.6581514423258249
0.0,0.4174374441434275,-0.1839493110317571,0.6581553488241496
0.0,0.41750746541471706,-0.1837595724772313,0.6581630264638207
0.0,0.4175751910294364,-0.18357400422855621,0.6581712058786802
0.0,0.41764488206142003,-0.18338615187746482,0.6581778353198847
0.0,0.41771103106168694,-0.18320070689490062,0.658188058749744
0.0,0.41778065112542473,-0.18301433407513323,0.6581941704982408
0.0,0.4178474100916675,-0.18283189622143145,0.6582018165319344
0.0,0.41791344906593864,-0.1826435951425807,0.6582184347791386
0.0,0.4179800034767552,-0.182462890259872,0.6582250108401493
0.0,0.4180474082828205,-0.18227748227532653,0.6582329110803783
0.0,0.41810706286051624,-0.18209998053809734,0.6582464891901124
0.0,0.4181703780611889,-0.18191865447541467,0.6582526244573351
0.0,0.4182347042023308,-0.18173741703597868,0.6582618355622512
0.0,0.4182963672598286,-0.18155956957959865,0.658272656752202
0.0,0.4183597885890391,-0.18138240876032216,0.6582804623369825
0.0,0.4184210709949972,-0.18120428637531227,0.6582963682743013
0.0,0.4184823382456667,-0.18102853959412074,0.6583058691121614
0.0,0.4185436331220652,-0.18084911939231585,0.6583175648585177
0.0,0.4186028544329343,-0.18067516851481913,0.6583242222884945
0.0,0.4186624654521637,-0.18049939126600806,0.6583359480127885
0.0,0.4187179725315822,-0.1803280419319162,0.6583504288488436
0.0,0.4187779415336149,-0.18015341330324425,0.658360516823655
0.0,0.418836416166009,-0.1799804331926066,0.6583714762408556
0.0,0.4188924807103385,-0.1798080367429391,0.6583852163222651
0.0,0.4189494115809181,-0.17963663988209233,0.6583973781420012
0.0,0.41900592868725134,-0.179463593895538,0.6584106897700887
0.0,0.4190624066918859,-0.17928955939266228,0.6584244587642852
0.0,0.4191163452364863,-0.17912064921082457,0.6584386777150841
0.0,0.4191717021078241,-0.178949672708298,0.6584520390003759
0.0,0.4192240357170207,-0.17878323624505973,0.6584667002355412
0.0,0.41927828059411865,-0.17861032275593908,0.658482289757354
0.0,0.4193323411973502,-0.17844194521577036,0.6584958914897817
0.0,0.41938520027823345,-0.17827701409547492,0.6585083984145393
0.0,0.4194381317569875,-0.17810839426302266,0.6585278279004443
0.0,0.4194908001127553,-0.1779435472640129,0.6585403808563373
0.0,0.41954390644722683,-0.17777499372319652,0.658554525323504
0.0,0.41959617742838284,-0.17760910580254136,0.6585680742651172
0.0,0.4196483104320593,-0.1774391532374118,0.6585837145424068
0.0,0.41969945047719276,-0.17727217476878113,0.6585993149908009
0.0,0.41975016496234174,-0.17710435841219643,0.6586202566057647
0.0,0.4198013500268722,-0.1769386624130952,0.6586349808720563
0.0,0.41985127169478476,-0.17677424515668405,0.6586503911899546
0.0,0.4199008666581154,-0.17660860849641327,0.6586663255473825
0.0,0.41995099672734837,-0.17644240336960304,0.6586824411143801
0.0,0.4200010053970896,-0.17627298572464623,0.6587050475750067
0.0,0.4200485887398445,-0.17610830884394985,0.6587231034568466
0.0,0.4200963998361444,-0.1759437001608055,0.6587410995396774
0.0,0.4201455051787515,-0.17577848505629629,0.658757403367857
0.0,0.4201956297299871,-0.1756081047297678,0.6587748607009806
0.0,0.42024332934161646,-0.1754433363425046,0.6587925149601543
0.0,0.4202918130944121,-0.17527983715519152,0.6588130363967214
0.0,0.4203389981071938,-0.17511505042305747,0.6588360072510023
0.0,0.4203868506709524,-0.17494931482523354,0.6588533811497539
0.0,0.42043557835703915,-0.17477954456878933,0.6588719554144338
0.0,0.4204822217397731,-0.17461551811893616,0.6588898208614927
0.0,0.42052755287120636,-0.1744518643121389,0.6589140682735433
0.0,0.4205719359770343,-0.17429036155889926,0.658933939054943
0.0,0.42061609388277504,-0.17412510813384863,0.6589555354228543
0.0,0.42066175920299664,-0.17395847206216597,0.6589758482852135
0.0,0.42070328530651735,-0.17379748895561034,0.6589984996978443
0.0,0.42074495079013463,-0.17363864810396235,0.6590202777192363
0.0,0.4207900068727455,-0.17347384477503985,0.6590450213947255
0.0,0.42083187654466475,-0.1733167224426242,0.6590649846082732
0.0,0.4208736737817711,-0.17315609788266373,0.6590866799380847
0.0,0.4209122560689876,-0.17299875698030714,0.6591106619478404
0.0,0.42095318180614494,-0.17284345560224584,0.6591350196733434
0.0,0.4209923803672842,-0.17268702876001515,0.6591578343061484
0.0,0.4210315374434546,-0.1725330674653977,0.6591788521672579
0.0,0.4210705150135557,-0.1723785698578782,0.6592005975109881
0.0,0.4211077050810408,-0.1722266246470333,0.6592232230412994
0.0,0.4211464027240558,-0.17207419919571643,0.6592486905866275
0.0,0.4211818137186043,-0.17192294680653325,0.6592734187031107
0.0,0.4212185388143944,-0.171770847681593,0.6592966324436339
0.0,0.4212518376361685,-0.17162098640579876,0.659322807724604
0.0,0.42128394369888533,-0.17147474358388246,0.6593486504450115
0.0,0.421320065313699,-0.17132378450168106,0.6593715960453185
0.0,0.4213539510766681,-0.1711755232236195,0.6593959861750174
0.0,0.4213877737068931,-0.17102721470384502,0.6594252605081499
0.0,0.421418714990599,-0.1708825374517747,0.6594514981123758
0.0,0.4214508833274378,-0.1707390344839732,0.6594755025418574
0.0,0.4214823682959179,-0.1705944879647308,0.6595004233553671
0.0,0.42151568926909355,-0.17044957617307843,0.6595235380196628
0.0,0.42154663017516325,-0.17030953867991203,0.6595514302183278
0.0,0.42157622375852083,-0.17016667752359071,0.6595780124124081
0.0,0.42160647913035265,-0.1700237541201796,0.6596037394800849
0.0,0.4216337445544649,-0.1698829555901767,0.6596319668173702
0.0,0.4216636827543365,-0.16973973193858385,0.6596581593059541
0.0,0.4216901702975676,-0.16960057523809888,0.6596865574532252
0.0,0.42171803816937503,-0.16945692573841603,0.6597148949114192
0.0,0.4217445168638052,-0.16931843908201383,0.6597476726768127
0.0,0.42177180008664317,-0.16917864367211535,0.6597749244604999
0.0,0.4217984836138929,-0.16903749966800302,0.659803410506504
0.0,0.4218254792009343,-0.16889997613852442,0.6598297639998414
0.0,0.42185074940857825,-0.168760321360513,0.6598592440785203
0.0,0.42187803724631573,-0.16862617974739808,0.6598830949532963
0.0,0.4219013687077203,-0.1684904064727502,0.65991789699309
0.0,0.4219266774195879,-0.16835494627085473,0.659945068223307
0.0,0.42195154214481984,-0.168218657044358,0.659973191352912
0.0,0.42197450852249213,-0.16808166527376128,0.6600040983422424
0.0,0.4219995482499017,-0.16794723148272486,0.6600308505185041
0.0,0.4220220850192528,-0.1678119225748573,0.6600616485292218
0.0,0.4220431682007491,-0.16767765714441316,0.6600935410466757
0.0,0.422066653616041,-0.1675433552814614,0.6601219007368853
0.0,0.4220898135434304,-0.16740882789449923,0.6601508397165218
0.0,0.42211086509921547,-0.16728053052116526,0.660184243545972
0.0,0.42212958641748727,-0.1671533889909384,0.6602152035358728
0.0,0.42214803591777217,-0.16702433431738933,0.660247678231983
0.0,0.4221683806091964,-0.16689383184602785,0.6602777925248461
0.0,0.42218755256760404,-0.16676357793344554,0.6603045717335723
0.0,0.4222060771304821,-0.16663389130174,0.660341562140069
0.0,0.4222245509352794,-0.16651150383938323,0.6603696085894779
0.0,0.4222403034598513,-0.16638409950407154,0.660408512827377
0.0,0.42225960148516406,-0.16625846664439842,0.6604372618727226
0.0,0.42227625229464527,-0.16613313331004018,0.6604690482544874
0.0,0.4222942584599947,-0.16600518535507813,0.660500463508146
0.0,0.42230834873340706,-0.165880894913996,0.6605351245345614
0.0,0.4223237551374772,-0.16575947824687207,0.6605668239068493
0.0,0.4223369296662559,-0.16563732758751687,0.6606018380630542
0.0,0.4223512847629722,-0.1655138196748108,0.6606353564273468
0.0,0.42236407784542235,-0.16539530404494093,0.6606684552609884
0.0,0.42237631484942395,-0.16527614289514636,0.6607072892497208
0.0,0.4223894023009463,-0.16515735520289354,0.6607400976001492
0.0,0.42240316633552555,-0.16503944967284848,0.6607715771628727
0.0,0.4224149065304738,-0.1649257965770436,0.660803260615154
0.0,0.42242472356299704,-0.16480809226902146,0.6608394156718174
0.0,0.42245470123139583,-0.1644620797282756,0.6609440268524899
0.0,0.42246542514118923,-0.16434515622624044,0.6609786223626064
0.0,0.422476447793645,-0.1642311014117297,0.6610112016177121
0.0,0.4224860225123782,-0.16411697070601386,0.6610453307798863
0.0,0.4224958687949948,-0.16400481620478524,0.6610782505154534
0.0,0.42250570465808557,-0.16388892929272852,0.6611130058894457
0.0,0.4225162127654908,-0.16377212200846875,0.6611474474291823
0.0,0.42252313679217285,-0.163658147367172,0.6611852972007618
0.0,0.42253284347305825,-0.16354604576205464,0.6612230206769731
0.0,0.4225384966751882,-0.163438093832344,0.6612547345625271
0.0,0.42254667289854797,-0.16332885751751228,0.6612882681865139
0.0,0.42255346387897325,-0.16321490965020924,0.6613260698780421
0.0,0.4225605395081858,-0.163109377930221,0.6613636778410635
0.0,0.42256706531821575,-0.16299967764631718,0.6613946921885818
0.0,0.42257270465015545,-0.16289211061626896,0.6614347595397921
0.0,0.42257521877731913,-0.16278827448901206,0.6614683035704746
0.0,0.4225758986436638,-0.16268359120318376,0.6615090543036967
0.0,0.4225775324385769,-0.16257893769512569,0.6615483875151439
0.0,0.4225779833089777,-0.1624737357667661,0.6615895778936317
0.0,0.42258006095422157,-0.16237172035886185,0.6616223490826574
0.0,0.4225812813601757,-0.16226796673523156,0.6616660495096669
0.0,0.42258543992293196,-0.16216365509051095,0.6617014279106106
0.0,0.422585742916147,-0.1620640358930111,0.661739549377166
0.0,0.422585136116024,-0.16196667222505062,0.6617822688308529
0.0,0.4225857561701157,-0.16186422093213962,0.6618214902277583
0.0,0.42258406132540205,-0.1617677799333449,0.661860407707594
0.0,0.42258406425518663,-0.16166669937505534,0.6619045235397807
0.0,0.4225822984587412,-0.16157218138806692,0.6619378446132782
0.0,0.42258155881036946,-0.16147667004294763,0.6619752641995877
0.0,0.42258169161160397,-0.16137972640450007,0.662016827878217
0.0,0.4225766333622025,-0.16128722870253787,0.6620580688429941
0.0,0.4225750205794724,-0.16119095154169832,0.6620966370416393
0.0,0.42256850749187136,-0.16110105836005317,0.6621431138870828
0.0,0.42256214945772097,-0.16100988917764167,0.6621848912286322
0.0,0.42255760202081405,-0.16091853129795664,0.6622245088345771
0.0,0.4225502961797736,-0.1608277810976337,0.6622722600048362
0.0,0.4225468773876483,-0.16073985748384043,0.6623090448929662
0.0,0.4225421639244449,-0.16064871594536662,0.662353485405569
0.0,0.4225336545454023,-0.16056200563569115,0.6623961859118077
0.0,0.42252622389720695,-0.1604771010506283,0.6624365261665993
0.0,0.4225193090674497,-0.16038886893379242,0.6624774105782707
0.0,0.4225087828711106,-0.16030443467082528,0.6625259657797501
0.0,0.42250361422198435,-0.16021498579426913,0.6625697085317831
0.0,0.4224940913453581,-0.16013629971045243,0.6626139443614733
0.0,0.42248540383491634,-0.16005350054405612,0.6626546670643452
0.0,0.422475412351118,-0.1599693937250802,0.6627020828145348
0.0,0.42246510190178443,-0.15988521508011616,0.6627451134979653
0.0,0.42245428467521706,-0.1598032559526039,0.6627925237057547
0.0,0.42244303878520095,-0.15972147988274216,0.6628359546526881
0.0,0.42242935528613224,-0.15964415176103222,0.662884637039962
0.0,0.4224191374851749,-0.15956321512399185,0.6629259407996368
0.0,0.4224061154086254,-0.15948497156153474,0.6629742356037885
0.0,0.42239412785998554,-0.15940768932745114,0.6630158858241407
0.0,0.4223797981669656,-0.15933265374427252,0.6630639812945857
0.0,0.4223664443536458,-0.15925703660172918,0.6631065282166021
0.0,0.42235294413786595,-0.1591800058815469,0.6631501251262948
0.0,0.4223394315570902,-0.15910382526111458,0.6631976769250444
0.0,0.4223267278835221,-0.15902804870965087,0.6632440537736491
0.0,0.42231166710947143,-0.1589559671530072,0.6632869411900817
0.0,0.4222971416276125,-0.15888127110183942,0.6633352840341924
0.0,0.42228150830786265,-0.15880951726834783,0.6633831500633081
0.0,0.42226560951836184,-0.15873762128413765,0.663426712794634
0.0,0.4222498560397845,-0.15866414885882046,0.6634754432701897
0.0,0.4222331892614245,-0.15859420202732408,0.6635189723346411
0.0,0.4222149999917895,-0.15852722339700004,0.6635676866583771
0.0,0.42220044231901765,-0.158459088043358,0.6636076791395236
0.0,0.4221823850622432,-0.158390749304459,0.6636568340165311
0.0,0.4221649700622043,-0.15832179231039206,0.6637005097525077
0.0,0.4221476011693843,-0.1582543689396747,0.6637484398322142
0.0,0.422128695517493,-0.15819008344421973,0.6637967407151749
0.0,0.42211003505660216,-0.1581241417952877,0.663845499595069
0.0,0.4220916703175631,-0.15806230175095715,0.6638869705994808
0.0,0.422072201121864,-0.1579955682913268,0.6639369280267013
0.0,0.4220514269374556,-0.15793834106227486,0.6639792325965218
0.0,0.4220287202448581,-0.15787557986883163,0.6640315514707011
0.0,0.42200665948631677,-0.15781698416519932,0.6640762144573634
0.0,0.42198230877003984,-0.15775765179711998,0.6641289193452274
0.0,0.42195758171165787,-0.15769932092447447,0.6641812891662824
0.0,0.4219347778453384,-0.15764358388177005,0.6642254478933194
0.0,0.42191019876922364,-0.1575886224421002,0.6642760891323622
0.0,0.42188583028734666,-0.15753503578549907,0.6643210472990128
0.0,0.4218588002202837,-0.15748371338751932,0.6643728733737118
0.0,0.42183199769251095,-0.15742885538277782,0.6644261048600836
0.0,0.4218069006611356,-0.15737519760911134,0.6644718700207753
0.0,0.42178196503101323,-0.15732756035073592,0.6645191598311475
0.0,0.421753524169066,-0.15727799672228587,0.6645719420665194
0.0,0.4217266495240086,-0.15722996349286927,0.6646173182199124
0.0,0.4216959873311374,-0.15718439478695898,0.6646710302382414
0.0,0.4216677209049839,-0.1571333796255701,0.6647192737232671
0.0,0.42163529853837317,-0.15709068843536905,0.6647736777944414
0.0,0.42160542983196386,-0.15704674079242836,0.6648207922125906
0.0,0.4215746411103147,-0.15700332721780755,0.6648735080572317
0.0,0.4215417711697228,-0.15695976694565655,0.6649287385579347
0.0,0.4215098066759564,-0.1569206304986005,0.6649758757233437
0.0,0.42147701478657096,-0.1568806257018872,0.6650292250784897
0.0,0.42144385648243077,-0.15684258942126333,0.6650776437759173
0.0,0.4214121346312045,-0.1568061506892215,0.665132582511175
0.0,0.4213803956727794,-0.15676816164290355,0.6651790011899568
0.0,0.4213461462625411,-0.15673291616172663,0.6652317544720706
0.0,0.42131466326714384,-0.156696962568239,0.6652770070001857
0.0,0.42127842654793407,-0.1566642191047296,0.6653312050651112
0.0,0.4212423496062675,-0.1566338660719168,0.6653842050641386
0.0,0.42120715352696214,-0.15660022923722464,0.6654326798389003
0.0,0.42117189316312786,-0.1565685418938669,0.6654849956208511
0.0,0.4211369121954852,-0.15653602212236709,0.6655372668437722
0.0,0.4210991986039305,-0.1565082167042965,0.6655861751616978
0.0,0.42106262286386054,-0.1564779749393274,0.6656395783465033
0.0,0.42102288766383283,-0.15645058507668025,0.665695375150588
0.0,0.420986521228471,-0.15642167470637644,0.6657472252249037
0.0,0.42094728397399384,-0.1563986165129153,0.6658001898138067
0.0,0.42090732310604884,-0.15637292534987182,0.6658508409702928
0.0,0.4208682104317741,-0.1563486029396755,0.6659043472235933
0.0,0.42082764593685384,-0.1563232132120119,0.6659601408064307
0.0,0.4207872477806022,-0.15629967855122268,0.6660103212859219
0.0,0.420746679773266,-0.15627921114122506,0.666063530178351
0.0,0.4207046731775419,-0.15625698206514987,0.6661149662850109
0.0,0.42066413508770695,-0.15623527004567664,0.6661688048352616
0.0,0.42062310970903694,-0.1562168484296612,0.6662215537898859
0.0,0.4205804049516625,-0.15619717413074274,0.6662771416710765
0.0,0.4205374001100853,-0.1561802356581746,0.6663315960381341
0.0,0.4204964476996352,-0.15616088224711885,0.6663799320206583
0.0,0.42045203574904133,-0.15614485324717692,0.666435805982164
0.0,0.42040833798292643,-0.15613067503919814,0.6664897289516216
0.0,0.4203640432910339,-0.15611426415237165,0.6665455348722629
0.0,0.42031824561690323,-0.1560982275454341,0.6665981992708333
0.0,0.4202718758092069,-0.15608252368359637,0.66665612204511
0.0,0.42022692524749794,-0.15606971571669656,0.6667108188338404
0.0,0.42018017347510983,-0.15605684802927353,0.6667678962016476
0.0,0.42013375852087054,-0.15604599875002012,0.6668234886007063
0.0,0.4200856342522932,-0.15603483958635234,0.6668813267779597
0.0,0.420037661817053,-0.15602655141446886,0.6669331116113806
0.0,0.419991566295445,-0.1560155401339332,0.6669881953244826
0.0,0.41994514039546615,-0.15600745221693962,0.6670423467468642
0.0,0.419898439128772,-0.15599919682933883,0.6670970745461349
0.0,0.4198510181584699,-0.1559898707606116,0.667152989601196
0.0,0.4197982242476475,-0.15598461112624834,0.667213873293113
0.0,0.4197494009962069,-0.15597711437729955,0.6672706613267947
0.0,0.4196969208166952,-0.15597377563094694,0.6673301167517232
0.0,0.41964837417530654,-0.1559703979849898,0.6673847353641973
0.0,0.4195961278146907,-0.15596430496743158,0.6674450785839023
0.0,0.4195431489441015,-0.15596119524415203,0.6675049638445072
0.0,0.41949297375436656,-0.15596115047266032,0.6675599526522731
0.0,0.4194396446453229,-0.15595984775398605,0.6676193642209385
0.0,0.4193863073118781,-0.1559595814202497,0.6676780030900086
0.0,0.419331974032717,-0.15596197079985566,0.6677370480139886
0.0,0.4192792441257635,-0.1559606536415614,0.667800384593402
0.0,0.41922563561198056,-0.15596412267936277,0.667852907325331
0.0,0.41917109798626273,-0.15596573443901846,0.6679169366105654
0.0,0.4191161663000879,-0.15596758476744513,0.6679765228544818
0.0,0.41905998552131424,-0.15597452814817175,0.6680400169393198
0.0,0.4190033047916938,-0.15597913293420812,0.6681003675704267
0.0,0.4189466798018755,-0.1559826376895505,0.6681612399814375
0.0,0.418887090137667,-0.15598995330037602,0.6682287565917288
0.0,0.41882735835771745,-0.15599692039316754,0.6682916889690249
0.0,0.41876998967899687,-0.15600812723617977,0.6683494281189242
0.0,0.41871050995277537,-0.15601984371737004,0.6684145903881246
0.0,0.41865290130342625,-0.15603064354303633,0.6684728428392516
0.0,0.41859454968976156,-0.1560394325818768,0.6685330174243522
0.0,0.4185340653145694,-0.15605181640890622,0.66859870712338
0.0,0.41847473283450354,-0.15606232311605103,0.6686591147305674
0.0,0.41841438378721096,-0.15608102780939292,0.6687213361012686
0.0,0.4183540907447538,-0.15609792231004102,0.6687799265584523
0.0,0.41829265449821573,-0.15611073686776245,0.6688462935307451
0.0,0.4182294722430568,-0.15613219499002676,0.6689107587116381
0.0,0.41817036595463475,-0.15614836421757333,0.6689724357322768
0.0,0.4181083535769061,-0.15616873315312077,0.6690312928897235
0.0,0.4180453963499955,-0.1561893361368929,0.6690953878750983
0.0,0.4179831489104535,-0.15620727864104572,0.6691555510135644
0.0,0.41791715536456986,-0.1562321703863193,0.6692213774275556
0.0,0.41785462877994684,-0.15625445232771057,0.6692841471778882
0.0,0.4177888073704727,-0.15627711575216902,0.6693461364467761
0.0,0.4177248987911863,-0.15630297297417983,0.6694087777848999
0.0,0.4176576050629671,-0.1563301670495458,0.6694750403602503
0.0,0.4175926431050127,-0.15635673722723165,0.6695385046312669
0.0,0.4175277955379974,-0.15638298640728412,0.669602082083464
0.0,0.41746191086606005,-0.15641715558985922,0.6696586058718607
0.0,0.4173984096970978,-0.15644745247317915,0.6697183004298805
0.0,0.4173313211299221,-0.1564805949263276,0.6697811590428862
0.0,0.41726392201890383,-0.15651247943119226,0.6698447924824741
0.0,0.41719435133451016,-0.1565482789816454,0.6699092339269034
0.0,0.4171276594911122,-0.15658387866607523,0.6699701407499307
0.0,0.41705940740131536,-0.1566221276273464,0.670027223119294
0.0,0.4169897321005203,-0.15665871128907524,0.6700956871360613
0.0,0.41692067789479015,-0.15669765383102538,0.670157561505101
0.0,0.41685027214497894,-0.1567376084776208,0.6702160462558953
0.0,0.4167817011129066,-0.15677679249422097,0.6702818088154926
0.0,0.4167133438089875,-0.15682134841299633,0.6703400883405094
0.0,0.4166412698239248,-0.15686527129998545,0.6704031885468472
0.0,0.4165718598098283,-0.15690677883131665,0.6704639088671793
0.0,0.4165013472533166,-0.1569521746212584,0.670524117817438
0.0,0.4164280047877713,-0.15700035696384373,0.6705869022090477
0.0,0.41635848821607346,-0.15704781351628075,0.6706448259829099
0.0,0.41628777101142544,-0.15709157527608827,0.6707059501448068
0.0,0.4162173983204756,-0.15714123551420073,0.6707638405975941
0.0,0.41614631243791156,-0.15719460070731914,0.6708204737455724
0.0,0.41607723347495124,-0.15724058338190092,0.6708782026947636
0.0,0.4160061661463845,-0.15729446382434417,0.6709390246701075
0.0,0.41593591764208315,-0.15734335567166463,0.6709967089228078
0.0,0.41586119700268553,-0.15739943053054573,0.6710564522141427
0.0,0.4157884693900653,-0.15745428157826685,0.6711097298148242
0.0,0.4157140147121761,-0.15751118337395723,0.6711733016635517
0.0,0.41564013500359287,-0.15756669296919407,0.6712320332685423
0.0,0.41556791344402205,-0.15762480898576262,0.6712828990649169
0.0,0.41549420540369025,-0.15768419001986295,0.6713438087515112
0.0,0.4154195817202741,-0.15774537308595224,0.6714004203761941
0.0,0.41534850245949095,-0.1578017083599839,0.6714551528765594
0.0,0.41527304314237606,-0.157863574099494,0.671516626534105
0.0,0.4152003189267357,-0.15792800304860277,0.6715692495781111
0.0,0.41512397810562685,-0.1579933416694473,0.671625713571388
0.0,0.41504826387080856,-0.158059388481023,0.6716857438507439
0.0,0.4149728541957358,-0.15812594360580048,0.6717403348603348
0.0,0.4148956698656103,-0.15819137216415427,0.671797552722648
0.0,0.4148200666098017,-0.1582589253845328,0.671856340017268
0.0,0.4147448125618176,-0.15832676501418916,0.6719100530898549
0.0,0.41467135659913507,-0.15839408167151175,0.6719661436761443
0.0,0.4145946468248447,-0.1584612854785558,0.6720262923190697
0.0,0.4145182052545171,-0.15853206370248898,0.6720796816221551
0.0,0.4144411408694282,-0.15860151968792904,0.6721346903047324
0.0,0.4143661707305523,-0.15867250782520573,0.6721905033669581
0.0,0.4142897968092118,-0.15874536607643458,0.6722472122868662
0.0,0.41421305039324935,-0.15881521740449994,0.6723058905512093
0.0,0.414137968415193,-0.15888575038220923,0.6723575262890052
0.0,0.41406032290763806,-0.1589626177649654,0.6724137151280363
0.0,0.41398464288141434,-0.15903519054733306,0.6724694407578112
0.0,0.41390647804155123,-0.1591103208040509,0.672526987203542
0.0,0.41382798266352905,-0.1591900587954032,0.6725822528540696
0.0,0.4137512198085251,-0.15926362723068005,0.6726338567160028
0.0,0.4136697205141671,-0.15934636073740183,0.6726913816417861
0.0,0.413590849575669,-0.15942009779283162,0.6727500291677161
0.0,0.4135101175865724,-0.15950434590986415,0.6728057781168639
0.0,0.41343163908165437,-0.15958626272181442,0.6728600795842143
0.0,0.4133504090090433,-0.15966776034362587,0.6729174635065153
0.0,0.4132701921693821,-0.15975218897566767,0.6729722865821037
0.0,0.413188310749446,-0.1598332157828315,0.6730305509588567
0.0,0.4131066767268961,-0.15991638195542385,0.6730875239001891
0.0,0.41302516928364386,-0.16000383842132365,0.673142209090067
0.0,0.41294387662295196,-0.16008874275476168,0.6731976195177101
0.0,0.4128625347341449,-0.16017458531058182,0.6732523797310501
0.0,0.4127787238779385,-0.16026291408388327,0.6733091953023504
0.0,0.4126928772814431,-0.16035175256650677,0.6733680545389656
0.0,0.4126115185588285,-0.1604386355544348,0.6734264771336524
0.0,0.41252929145627354,-0.1605243722990294,0.6734821725019927
0.0,0.41244266180741007,-0.16061679995344014,0.6735397421884374
0.0,0.4123581520593783,-0.1607072693130005,0.6735955460642001
0.0,0.41227038869934163,-0.16080138764256927,0.6736537277607778
0.0,0.4121867892964026,-0.16089479550380192,0.6737067345626664
0.0,0.4120997963485868,-0.16098758771224883,0.673764113084665
0.0,0.41201609904469116,-0.16108105785872223,0.6738168453590607
0.0,0.4119315610097129,-0.16117704897352622,0.67387369559031
0.0,0.41184481363595404,-0.16127335263483616,0.6739287473977934
0.0,0.41175860770068556,-0.16137201222462613,0.6739818174024443
0.0,0.41167272159272567,-0.16146976424275278,0.6740349358811302
0.0,0.4115863636920861,-0.1615712640067115,0.6740864968103754
0.0,0.41149952841612797,-0.16167263263035794,0.6741434920132501
0.0,0.4114113947280542,-0.16177478022906416,0.6741969258739295
0.0,0.41132016828046103,-0.16188200908411632,0.6742516463818609
0.0,0.411227638239717,-0.16199038157378048,0.6743071967037996
0.0,0.41113668357780464,-0.16209764090466397,0.6743610565769778
0.0,0.4110450899453659,-0.16220735501392758,0.6744145161330194
0.0,0.4109552668646055,-0.16231357168307112,0.6744720320493953
0.0,0.4108613974708087,-0.16242776899693506,0.6745258613766474
0.0,0.4107677355566165,-0.16254122702896814,0.674580035592837
0.0,0.41067585272950324,-0.16265519779051588,0.6746359719014086
0.0,0.410583474131185,-0.16277265582085587,0.6746863965738047
0.0,0.41049130168389825,-0.16288665439908478,0.6747378633522987
0.0,0.4103942180504479,-0.1630049522708187,0.6747978248805533
0.0,0.4102971760262447,-0.1631262447102607,0.6748513126786291
0.0,0.41020070475008386,-0.16324677578239247,0.674904462976194
0.0,0.41010427011025036,-0.1633685771482897,0.6749616662281903
0.0,0.41000842056747133,-0.16348871512090052,0.6750184347834016
0.0,0.4099126860184946,-0.16360971728531792,0.6750700745746521
0.0,0.4098139637580305,-0.16373297701220887,0.6751289476746949
0.0,0.4097139222602692,-0.16385761643297164,0.6751884988026716
0.0,0.4096150091270304,-0.16398157474149766,0.6752423792112439
0.0,0.4095150396661517,-0.16410928658351384,0.6752997198011575
0.0,0.40941630376093613,-0.16423931135235648,0.6753545437107066
0.0,0.409318191822761,-0.16436787007092388,0.6754048083655692
0.0,0.4092148232185261,-0.16450082212192524,0.6754637755857786
0.0,0.4091125038102958,-0.1646318054389785,0.6755222488412541
0.0,0.4090145956979183,-0.1647645579241577,0.6755744475511745
0.0,0.4089127747767868,-0.16489854717649022,0.6756307244807042
0.0,0.4088121802871788,-0.16503302601603315,0.6756852449345305
0.0,0.4087130726827878,-0.16516170307382605,0.6757406309490718
0.0,0.40861090822029067,-0.16529511494275317,0.6757972255489684
0.0,0.40850911911623977,-0.1654304542843978,0.6758566439606972
0.0,0.4084048076217991,-0.16556323453041688,0.6759157195811325
0.0,0.40830160765525714,-0.16570036306356367,0.6759713082557605
0.0,0.4081995722156676,-0.16583579467641563,0.6760217814899111
0.0,0.4080916378948256,-0.16597376035531003,0.676087144576883
0.0,0.407988020875599,-0.16611213128087376,0.6761423043116918
0.0,0.40788179425542187,-0.16624864770746794,0.6762010791993118
0.0,0.4077781630626032,-0.16638489741337004,0.67625683292991
0.0,0.40767379288788846,-0.16652781164441766,0.6763143941084004
0.0,0.40756659634070835,-0.16666872861802015,0.6763719807871362
0.0,0.4074602875366648,-0.166809515038931,0.6764327323305712
0.0,0.40735419489614777,-0.16694829501381256,0.6764895234827596
0.0,0.40724922201954217,-0.16708862863657645,0.6765441313849264
0.0,0.40714298722726017,-0.16723140609331494,0.6766033282624542
0.0,0.40703652614877495,-0.16737264215759082,0.6766633431455699
0.0,0.40692573055394005,-0.16751852871647585,0.6767219302505771
0.0,0.4068175693770375,-0.16766185107985113,0.676782505416077
0.0,0.406708559571397,-0.1678051012103648,0.6768441085396351
0.0,0.4065989445895586,-0.16795370106156052,0.676899232364043
0.0,0.40649059825242373,-0.16809671744973984,0.6769599175017038
0.0,0.40637994879114403,-0.1682451750609663,0.6770202995285141
0.0,0.40627088974795944,-0.16839313998693584,0.6770788681484841
0.0,0.4061617712399729,-0.1685401842474606,0.6771379750888388
0.0,0.4060510285872297,-0.16869188324817064,0.67719686332294
0.0,0.4059433771498369,-0.16883934352127988,0.677253622240158
0.0,0.4058339022012822,-0.16899185237803477,0.6773102647191354
0.0,0.40572295127256963,-0.16914679429142876,0.677367241507522
0.0,0.4056135239028393,-0.16929603766830817,0.6774247872856412
0.0,0.40550181301986293,-0.16944787748182005,0.6774838239115232
0.0,0.40538926859582736,-0.16959925066291587,0.677539392599916
0.0,0.4052760252105516,-0.1697560918303334,0.6775973137395553
0.0,0.405161746075481,-0.16991106562041358,0.6776618135260256
0.0,0.40504925830172445,-0.17006473611838127,0.6777201372408297
0.0,0.404933144087088,-0.17022240135330122,0.6777806622960176
0.0,0.4048201221325144,-0.17037410551707463,0.6778403782664297
0.0,0.404704800761328,-0.17052991550061447,0.6778962468695467
0.0,0.4045927637632777,-0.17068272662566475,0.6779583562091052
0.0,0.4044768603880069,-0.17084337889375847,0.6780168265179312
0.0,0.4043595183166486,-0.17100076936095604,0.6780780874883223
0.0,0.4042435695737115,-0.17115768352959349,0.6781423865907357
0.0,0.40412502205450773,-0.17131933485083284,0.6782028572245361
0.0,0.4040080260873084,-0.17148169566542149,0.6782651666651852
0.0,0.4038892671176799,-0.1716441773252145,0.6783254717139082
0.0,0.40376684935452256,-0.1718085175360309,0.678393065767177
0.0,0.4036458093450932,-0.17197460292754246,0.6784580438365689
0.0,0.4035243182669819,-0.17213693351891157,0.6785255095407414
0.0,0.40340130745341246,-0.17230316330907147,0.6785882481971636
0.0,0.4032790215479149,-0.17247216559268191,0.6786527882346342
0.0,0.40315409439413297,-0.17264050558025304,0.6787160453743095
0.0,0.403028385476116,-0.17281338196153076,0.6787819718823691
0.0,0.40290245923062035,-0.17298311447147346,0.6788497036432886
0.0,0.40277731192102006,-0.17315686470123273,0.678914207717269
0.0,0.40265211640240856,-0.17333228661656452,0.6789781061121369
0.0,0.40252633924357567,-0.17350791499082616,0.679042688884306
0.0,0.40240034062750085,-0.17368223555608064,0.6791124210009348
0.0,0.40227319090580405,-0.1738603983119535,0.6791766090596205
0.0,0.40214326403542344,-0.17404117761450127,0.6792425230053873
0.0,0.40201476841373696,-0.17422210032389573,0.6793106355959814
0.0,0.4018871328924404,-0.17440220544435892,0.6793739140779438
0.0,0.4017565116750911,-0.17458621311301492,0.6794383756181293
0.0,0.4016273524209607,-0.17476421584512486,0.6795085163898609
0.0,0.40149642794950013,-0.1749449624604525,0.6795748448182777
0.0,0.4013651171669662,-0.17512963509332907,0.6796393202890684
0.0,0.4012353329055845,-0.17530996169618476,0.6797084419102238
0.0,0.4011049160404569,-0.17549286526232877,0.6797722892695832
0.0,0.40097527667238037,-0.175674710034404,0.6798402198633537
0.0,0.4008401273606478,-0.1758593967572427,0.6799127907719515
0.0,0.4007084324366368,-0.17604521944463813,0.6799803031995254
0.0,0.40057752809974173,-0.17622864715751713,0.6800437787035472
0.0,0.4004451677758698,-0.1764154782303533,0.6801112498171752
0.0,0.40031303776353305,-0.17659969266516998,0.680179357893036
0.0,0.4001788064806242,-0.17678873333769285,0.6802518994119423
0.0,0.40004337666891,-0.17697464852378472,0.6803231329068338
0.0,0.3999106916130333,-0.1771589013051408,0.6803872219577984
0.0,0.3997787476959802,-0.17734394188080654,0.6804545244181865
0.0,0.3996427659984698,-0.17753263614777126,0.6805241775397808
0.0,0.3995115049708756,-0.17771122468534228,0.6805930428468828
0.0,0.39937548485498753,-0.17790025091092274,0.6806621703594028
0.0,0.3992419170134037,-0.1780869212971522,0.6807297477269943
0.0,0.39910920065649114,-0.1782705075418377,0.6807974877652839
0.0,0.3989762549180991,-0.17846119200603536,0.6808617915732237
0.0,0.3988445168518525,-0.178643599783578,0.6809287595457825
0.0,0.3987102967498501,-0.17883161973539402,0.6810001714036557
0.0,0.39857847166342564,-0.17901877905466274,0.681064562701229
0.0,0.398446888327023,-0.1792049633290591,0.6811290768503034
0.0,0.3983141442863391,-0.1793934238267832,0.6811928046467807
0.0,0.3981816310572426,-0.17957679781724034,0.6812590187476932
0.0,0.3980500561015645,-0.17976373110317867,0.6813218036875951
0.0,0.39791739559464806,-0.17995010291231775,0.681386123814273
0.0,0.397785897892886,-0.18013361361906527,0.6814508823441487
0.0,0.39765375373692285,-0.1803192802320318,0.6815190697954313
0.0,0.39752127153913086,-0.1805044181077554,0.6815835205876297
0.0,0.3973856642663378,-0.18069416804066374,0.6816442974763239
0.0,0.397249835999518,-0.180883439897963,0.6817096962431313
0.0,0.3971145815505802,-0.18107172773800412,0.6817704275466352
0.0,0.39697556687734326,-0.18126753716212626,0.6818359794205551
0.0,0.39684249152698586,-0.18145736214333383,0.6818976141806853
0.0,0.39670620717337157,-0.1816505996647813,0.6819609529035559
0.0,0.3965676446461507,-0.18184594428604448,0.6820254052092614
0.0,0.3964290042065479,-0.18204144781887022,0.6820944550760727
0.0,0.3962881091700635,-0.1822402159766597,0.6821553864829175
0.0,0.396146585188635,-0.18243939075297616,0.6822209217281566
0.0,0.3958619044546408,-0.18284586148820847,0.6823441254911081
0.0,0.3957181680936353,-0.18304795441394084,0.6824101545008167
0.0,0.39557195215227653,-0.18325576634512686,0.6824712509764027
0.0,0.39542561282143274,-0.18346440713316647,0.6825362299652841
0.0,0.3952791752913679,-0.183673062188153,0.6826015023528116
0.0,0.39513382085980414,-0.18388480563472837,0.6826633354868401
0.0,0.39498855925088766,-0.18408985813229328,0.6827238538055785
0.0,0.3948401033750971,-0.18430001142129626,0.682789767275466
0.0,0.39469014966221994,-0.1845160822849345,0.6828497039206701
0.0,0.39454245960562895,-0.18472797325891605,0.6829134563054686
0.0,0.39439437117065346,-0.18494256498165712,0.68297171663824
0.0,0.39424943179386923,-0.18515601926343786,0.6830308047884481
0.0,0.39410122467596587,-0.18537002051229573,0.6830885663342056
0.0,0.3939495495492975,-0.18559381742834677,0.6831494987868088
0.0,0.3937983478538805,-0.1858112898606415,0.6832130323902972
0.0,0.39364925183505295,-0.186027131253022,0.6832747270713719
0.0,0.3934972413227552,-0.18624694645284656,0.6833328194644003
0.0,0.39334492929469467,-0.1864646622254137,0.6833965796870605
0.0,0.3931899246017432,-0.18668917107054078,0.6834552537959557
0.0,0.39303652605583606,-0.18690655874054057,0.6835154623976707
0.0,0.3928834419138622,-0.18712558750440406,0.6835787154646426
0.0,0.3927298013856263,-0.18734527269392484,0.6836420120480369
0.0,0.3925764610323128,-0.18756713814991077,0.6836990387659263
0.0,0.3924231208291213,-0.18778455015297804,0.6837625923635843
0.0,0.3922678944802714,-0.1880003885830779,0.68382448976371
0.0,0.3921135421674638,-0.18821912511244498,0.6838883108733239
0.0,0.39195977130666504,-0.1884370623199853,0.6839514246042941
0.0,0.3918084857938857,-0.18865340901463673,0.684012278192656
0.0,0.3916531889846025,-0.18887465550021293,0.6840794169794545
0.0,0.3915012032544874,-0.18908823918901455,0.6841379277343324
0.0,0.3913459484261684,-0.18930514097918366,0.6842023490871524
0.0,0.39119290710143273,-0.18952019715469817,0.6842646605011788
0.0,0.3910399242614425,-0.18973379333085344,0.6843234890911477
0.0,0.3908872720221087,-0.18994638273196643,0.6843869095481204
0.0,0.3907344471262512,-0.19016054024176243,0.6844490184032033
0.0,0.3905800014694716,-0.1903777355171525,0.6845113416386875
0.0,0.3904244908074861,-0.1905932764283924,0.6845706592990525
0.0,0.3902698166006666,-0.1908087424543974,0.684637703093681
0.0,0.39011474680831737,-0.19102336641728274,0.684696871076485
0.0,0.38995842555359683,-0.1912452700118239,0.6847620507714277
0.0,0.3898021674367608,-0.1914665551711876,0.6848228921882028
0.0,0.38964472566373604,-0.19168829621998904,0.6848843963588876
0.0,0.38948782937068793,-0.19190697082081307,0.6849468923113473
0.0,0.38932719932866205,-0.1921336952701886,0.6850082713686517
0.0,0.389168227089867,-0.19236129306543714,0.6850672550595375
0.0,0.3890086315540824,-0.19258668724184164,0.6851288114858315
0.0,0.38884508453490424,-0.1928189228611838,0.6851904846567354
0.0,0.3886849332886958,-0.19304368272693298,0.6852515390093581
0.0,0.38852061418479517,-0.19327425287318534,0.6853139872940693
0.0,0.3883560026299179,-0.1935058949001361,0.6853805116674229
0.0,0.38819325466080923,-0.19373867751532522,0.6854397995845176
0.0,0.38802345679384026,-0.19397433196453714,0.685509306700862
0.0,0.3878597168850235,-0.19420662550865422,0.6855692500477395
0.0,0.38769177436023783,-0.19444141035153092,0.6856320445882259
0.0,0.387525926362737,-0.19467561216009058,0.685697164209116
0.0,0.3873567889206974,-0.1949150498425602,0.6857584764859758
0.0,0.3871862235338037,-0.1951570199180036,0.6858242206234479
0.0,0.38701605935064426,-0.1954030771116928,0.6858821121346552
0.0,0.38684898648332394,-0.19563693375905505,0.6859430201221608
0.0,0.3866805866091757,-0.1958731956880344,0.6860081054289854
0.0,0.386507441293728,-0.19611686519157262,0.6860741981679752
0.0,0.38633268563820666,-0.19636067584013436,0.6861377964567698
0.0,0.3861609649679642,-0.1966053289312246,0.6862056738869267
0.0,0.38598851253531685,-0.1968443754138134,0.6862680825747188
0.0,0.38581886643555185,-0.19708221136352358,0.6863276608727761
0.0,0.38564440378506526,-0.19732302654097864,0.6863953044977664
0.0,0.38546972061512885,-0.197565134966652,0.6864584448589613
0.0,0.3852973901967873,-0.19780766380349618,0.6865228506725919
0.0,0.385128746432692,-0.19804643520508797,0.6865848687950002
0.0,0.38495777530022585,-0.19828615631155302,0.6866479329068281
0.0,0.3847902618602419,-0.19852178017490038,0.6867091837811926
0.0,0.3846170378114632,-0.19876348276683556,0.6867732820169099
0.0,0.38444714032688926,-0.19900339355631397,0.6868348439779165
0.0,0.38427782435653046,-0.19924161608868596,0.6868919575802694
0.0,0.38410397988118117,-0.1994830255063069,0.686956140544009
0.0,0.38393486356964096,-0.19972244683406667,0.6870155346274174
0.0,0.3837644079435311,-0.19995856293898476,0.6870778995072814
0.0,0.3835927559151957,-0.20020038052131078,0.6871384797947152
0.0,0.38342051047692194,-0.2004413692130968,0.6872002149039838
0.0,0.3832461100374881,-0.2006845262798571,0.6872667179638484
0.0,0.3830701157790606,-0.20093311909920672,0.6873225228834235
0.0,0.3828968235429424,-0.20117474810474895,0.6873872726652194
0.0,0.38271943993996044,-0.20142437853276018,0.6874435668003375
0.0,0.38254006657359363,-0.20167215772859892,0.687511393687192
0.0,0.38235967658569003,-0.2019250908337285,0.687572873948217
0.0,0.38218015111252046,-0.20217820872007383,0.6876330936545407
0.0,0.38200075665282285,-0.2024284373100715,0.6876986700615106
0.0,0.3818241755849449,-0.20268029752595362,0.6877556563633602
0.0,0.38164197646456816,-0.20293624434822563,0.6878159172760527
0.0,0.38145607561427175,-0.20319581498495065,0.6878826556276124
0.0,0.381270772327828,-0.20345820496108286,0.6879422148621317
0.0,0.38108806078988455,-0.20371355269212318,0.6880024231174953
0.0,0.38090416948237593,-0.20397215741614305,0.6880621021618532
0.0,0.3807196554118122,-0.20423514053083114,0.6881196040147747
0.0,0.3805322374839224,-0.20449710790814785,0.6881809271461778
0.0,0.38034458951867867,-0.20476125489807248,0.6882446633551748
0.0,0.3799683953525434,-0.20528429140282797,0.6883664999210772
0.0,0.3797796154154065,-0.2055480146586781,0.6884265553115031
0.0,0.3795940756381918,-0.20580751751475226,0.6884895600587461
0.0,0.37940479522226694,-0.20607575082240218,0.6885468531822873
0.0,0.3792175591039727,-0.20633824397527073,0.6886090772556992
0.0,0.3790305287648861,-0.20659963379314258,0.6886665248399144
0.0,0.37884383465322646,-0.20686148002813193,0.6887275989666684
0.0,0.37865649993160716,-0.20711872093925215,0.6887923469333697
0.0,0.378470899708848,-0.20738100143700547,0.6888471291478269
0.0,0.3782864295752494,-0.20763636369607358,0.6889089608258141
0.0,0.37810208863854866,-0.20789319901990372,0.6889690734362522
0.0,0.3779152856431241,-0.20815109602004847,0.6890307878392912
0.0,0.37773190599054934,-0.20840146105244792,0.689093566365292
0.0,0.37754631390124815,-0.2086560180030418,0.6891558226002211
0.0,0.37735815550537233,-0.20891682627168076,0.6892124769367998
0.0,0.3771752439289318,-0.20916919693385555,0.6892718572530755
0.0,0.3769931327367622,-0.20942189355940038,0.6893342429713744
0.0,0.376807671583271,-0.20967506637837321,0.6893956136568434
0.0,0.37662180128203615,-0.20993201713401333,0.6894552633551092
0.0,0.3764316161004817,-0.21019491182363922,0.68952017790506
0.0,0.3762433123847641,-0.21045397006809996,0.6895806436493539
0.0,0.37605716325930083,-0.21071227653548413,0.6896387695674738
0.0,0.3758700930264751,-0.21096882282483975,0.6896983608702025
0.0,0.37567585824927663,-0.2112326513886364,0.6897657128187789
0.0,0.37548279506743726,-0.21149956440750223,0.6898255823889187
0.0,0.37528861080606063,-0.21176225900731704,0.6898930416900211
0.0,0.3750965196900587,-0.21202576656006994,0.6899530606997787
0.0,0.3749033539210131,-0.21228777229192697,0.6900188026195359
0.0,0.37471006720628475,-0.21255673351372087,0.6900758073430296
0.0,0.37451226908606655,-0.21283096252960437,0.6901347047605175
0.0,0.3743162443263409,-0.21309795922616542,0.690199926322498
0.0,0.3741184411103492,-0.21336884061161324,0.6902601792749292
0.0,0.3739178608018946,-0.21364557297321277,0.6903231205329257
0.0,0.3737186655815581,-0.21391858975037584,0.6903820780731863
0.0,0.37351695952968333,-0.214194772974279,0.6904460877946232
0.0,0.37331912792896293,-0.21446851573122608,0.6905025166106757
0.0,0.37311704472089974,-0.21474423734050918,0.6905712368214343
0.0,0.37291596870142213,-0.21502038690309283,0.6906291852102304
0.0,0.3727164503866891,-0.21529037618086858,0.6906887299120971
0.0,0.3725134156527496,-0.21556894341161675,0.69075084384837
0.0,0.3723135706782048,-0.2158405853983989,0.6908131893643736
0.0,0.3721133558384692,-0.21611448487593826,0.690870372856538
0.0,0.37191036331370164,-0.2163897035908966,0.690937726125345
0.0,0.3717138632519719,-0.21666098292399588,0.6909915356805861
0.0,0.3715114195354272,-0.21693348258089817,0.6910591600227818
0.0,0.3713150901134153,-0.21720127237079268,0.6911141341067483
0.0,0.3711169945825876,-0.2174686046612173,0.6911793959659396
0.0,0.37091684972259,-0.21774171961024386,0.691234695319569
0.0,0.3707177039122006,-0.21801052324216127,0.6912997368040413
0.0,0.3705179143779004,-0.21828482279868652,0.6913575812806079
0.0,0.3703174111699173,-0.2185576507187313,0.6914118086347613
0.0,0.3701189584541569,-0.21882147796531942,0.6914739533507341
0.0,0.36991999739650405,-0.21909259087753707,0.6915359955676345
0.0,0.36971916237869024,-0.219362883982786,0.6915916957597625
0.0,0.3695136201544551,-0.21963863420819646,0.6916530597829103
0.0,0.36931046240014487,-0.21991323476389105,0.6917160684845092
0.0,0.36910929914661655,-0.2201825570630755,0.691775845534395
0.0,0.3689032690778265,-0.22046169753319256,0.6918342959935048
0.0,0.36870045671243384,-0.22073614379324694,0.6918920994308471
0.0,0.36849098323693885,-0.22101859558802875,0.6919474574552004
0.0,0.3682832001332442,-0.2213003709749622,0.692005174811337
0.0,0.3680768331763772,-0.22157577814718657,0.6920649276169762
0.0,0.367868534774855,-0.22185790954116869,0.6921220873531455
0.0,0.3676594941088955,-0.22214216887606614,0.692178052454379
0.0,0.36745083314458293,-0.22242663669156185,0.6922336201650147
0.0,0.36724159141165114,-0.22271491453966902,0.6922869268767592
0.0,0.3670351760254514,-0.22299585962848667,0.6923413547178762
0.0,0.36682376412631523,-0.2232817832739818,0.6923976350908141
0.0,0.3666114601718027,-0.22356980036115032,0.6924526375990954
0.0,0.36639853600718747,-0.22385490228809513,0.6925056033682857
0.0,0.36618771343193474,-0.22413659243742648,0.6925626655632577
0.0,0.3659749804134805,-0.22441822959473176,0.6926216038512254
0.0,0.36576556801823107,-0.22470199724558548,0.6926750719769617
0.0,0.3655539042906201,-0.22498879644414344,0.6927282308513383
0.0,0.3649305891521303,-0.2258295961268756,0.6928825945243161
0.0,0.36471930884180004,-0.22611153968536776,0.6929379100203635
0.0,0.3645113428655768,-0.22638747322514266,0.6929884803542017
0.0,0.3643102366121991,-0.2266598108918842,0.6930383210889175
0.0,0.36410556940335165,-0.22693261114762636,0.693091458346416
0.0,0.3639013620579524,-0.22721020154151503,0.6931361420367537
0.0,0.36369801494718534,-0.22748190636789334,0.6931877912904086
0.0,0.36349468746236047,-0.22775498521960108,0.6932376501672595
0.0,0.3632933738864733,-0.22802365326003668,0.6932879381563558
0.0,0.3630843789381794,-0.22830145920205502,0.6933400314983503
0.0,0.3628735763402591,-0.22858295619917585,0.6933873178548184
0.0,0.36266584815287584,-0.22886039322648544,0.6934376460953248
0.0,0.36245672939743595,-0.22913609709418464,0.6934899826995315
0.0,0.3622482793726224,-0.22941500007994683,0.6935348664529138
0.0,0.3620378562637111,-0.22969717166186235,0.6935798277551888
0.0,0.36182352633872533,-0.22998637134464275,0.6936285040900971
0.0,0.36161359374007274,-0.23026935944960986,0.6936759340123739
0.0,0.3614038168659261,-0.23055138088035942,0.6937187339806409
0.0,0.36118853788383787,-0.23083962097679567,0.6937669349717416
0.0,0.3609781119074689,-0.23112301301044968,0.6938134155398299
0.0,0.36076413535105745,-0.23140871768483978,0.6938574757221898
0.0,0.3605476714824229,-0.23169777374179165,0.6939103856722123
0.0,0.36033423118861063,-0.23198483653380236,0.6939481189426109
0.0,0.3601166091493254,-0.2322752123979952,0.6939956536199797
0.0,0.3599024676031554,-0.23255965090185,0.6940392081196385
0.0,0.35968473413827967,-0.23284972843978796,0.6940870002216577
0.0,0.35946765981981726,-0.2331395158322592,0.6941334849882145
0.0,0.3592486266970888,-0.2334311063017293,0.6941764511729444
0.0,0.35903046049944565,-0.23372276881597565,0.6942221214667577
0.0,0.3588148344022192,-0.23400811775819302,0.6942648181350207
0.0,0.35859846134686607,-0.23429526964961217,0.6943112666777311
0.0,0.3583842509031805,-0.23458107219158778,0.694356021202437
0.0,0.3581658664992551,-0.23487078783150483,0.6943977037614869
0.0,0.357952029447455,-0.23515813591306622,0.6944399193073754
0.0,0.35774363286541055,-0.2354379729069625,0.6944768587453278
0.0,0.3575312400668552,-0.23571529826767595,0.6945238139850498
0.0,0.35731661201260323,-0.23599611258957703,0.6945653554320513
0.0,0.35710075847870965,-0.23628035167021288,0.6946105152468708
0.0,0.3568849402706659,-0.23656319153134125,0.6946555273907011
0.0,0.35667467244779716,-0.23683843489527268,0.6946949392283439
0.0,0.35645870510330685,-0.23711971215292876,0.6947405878026491
0.0,0.3562387474883596,-0.23740731026674305,0.6947817435352521
0.0,0.3560221406628529,-0.2376932656384928,0.6948246665464178
0.0,0.3558062829580656,-0.2379773770573989,0.6948672100699894
0.0,0.3555892076334013,-0.23826155870400229,0.6949103381696126
0.0,0.3553680753441701,-0.23854801976041043,0.694955758778857
0.0,0.3551441977168051,-0.2388432310293832,0.6949934311899318
0.0,0.35492401409284063,-0.23912718835324942,0.6950392359122873
0.0,0.35470023899204206,-0.23941858726109236,0.6950787441558046
0.0,0.35448288444372666,-0.23970234979463206,0.6951206750667882
0.0,0.35425729373476816,-0.23999860184132016,0.6951622606489917
0.0,0.3540331843916568,-0.24028873363064332,0.6952018015820962
0.0,0.3538078517065696,-0.24058525732032432,0.6952421489992864
0.0,0.3535816527036759,-0.24088058801766793,0.6952840388191643
0.0,0.35335897742842365,-0.24117079763109878,0.6953256565815038
0.0,0.35313553785444657,-0.24146413574974085,0.6953606807378961
0.0,0.3529087326605556,-0.24175985628032404,0.6954014816931651
0.0,0.352683444511805,-0.24205216963686638,0.6954430126173164
0.0,0.35200449535923456,-0.24293326445802907,0.6955601450698847
0.0,0.35178164494342845,-0.24322227684200917,0.6955995800956382
0.0,0.3515579769143073,-0.24350660061295404,0.6956467269686433
0.0,0.3513319735144769,-0.2437982997911306,0.6956868983732702
0.0,0.351107994969926,-0.24408907865720153,0.6957206758605119
0.0,0.35089105535772047,-0.24436524997875672,0.6957610763245605
0.0,0.3506726267226352,-0.2446440628204814,0.6958004362497826
0.0,0.3504578539183011,-0.24492215554168628,0.6958365442845692
0.0,0.3502348209560805,-0.24520473913518842,0.6958822062047025
0.0,0.35001214772997896,-0.24548825129126228,0.695917979847
0.0,0.3497938596244454,-0.2457623191420199,0.6959592899328844
0.0,0.3495719868014705,-0.24604480089869846,0.6959979450434494
0.0,0.3493484659512989,-0.2463291220035523,0.696036809429125
0.0,0.34912444363423034,-0.24661375123311885,0.6960759023303643
0.0,0.34889696241289714,-0.2468995660685005,0.6961171736690492
0.0,0.34867516773851526,-0.247181747866012,0.6961589588743252
0.0,0.34845189692413664,-0.24746556175774315,0.6961920269466497
0.0,0.34822345677925004,-0.2477535089728965,0.6962352039671014
0.0,0.3479961872507569,-0.24804004114289108,0.6962742955597416
0.0,0.3477707801187335,-0.24832780580098512,0.6963064529291672
0.0,0.3475453465898273,-0.24861010737212313,0.6963462265313975
0.0,0.347316238603587,-0.24889571447348513,0.6963863835683414
0.0,0.3470847374150243,-0.2491853012019536,0.6964258675332247
0.0,0.34685278587615853,-0.24947386729528215,0.696466511398833
0.0,0.34661956925235937,-0.2497680183280167,0.6964997671478727
0.0,0.3463901355413934,-0.2500530950868044,0.6965391961228136
0.0,0.34615866997364725,-0.25034281004434,0.6965811852922064
0.0,0.34592674989289907,-0.25063275943455526,0.6966187493625644
0.0,0.34569685242830644,-0.2509223605555422,0.6966543620461314
0.0,0.34546257472993747,-0.2512126199859709,0.6966937106637984
0.0,0.3452289628807923,-0.2515043032081675,0.696734834733701
0.0,0.34500055747766784,-0.2517903097431748,0.6967659706046445
0.0,0.34477008634780654,-0.25207531495699037,0.6968080598806764
0.0,0.3445404915194945,-0.2523587125540707,0.6968456915673236
0.0,0.34430738901514735,-0.25264563975500015,0.6968840523911094
0.0,0.3440776199989037,-0.2529293021951583,0.6969210030663893
0.0,0.3438538667277515,-0.25320463151862566,0.6969568177344158
0.0,0.3436243965966913,-0.2534866237775847,0.6969930608585636
0.0,0.34339629451203013,-0.2537663798352947,0.6970294409179394
0.0,0.343165791680807,-0.2540500389790066,0.6970652054301913
0.0,0.34293662203530295,-0.25433443479640194,0.6970945503237473
0.0,0.3427092145127067,-0.2546139524265345,0.6971292270526539
0.0,0.3424788414378171,-0.25489649084677374,0.6971645707727872
0.0,0.3422487813237729,-0.25517934303026196,0.6971992330710485
0.0,0.3420150785265056,-0.2554654287111026,0.6972350614211968
0.0,0.3417782441866246,-0.25575687256536456,0.6972690333223237
0.0,0.34154576238501994,-0.25603834104931505,0.6973059269218261
0.0,0.3413095478401802,-0.2563249666172308,0.6973378401034357
0.0,0.3410726443163742,-0.2566126902529765,0.6973695384770067
0.0,0.3408353214657352,-0.2568996989258269,0.6974060203188539
0.0,0.34059420720610617,-0.25718689872518286,0.6974498841806118
0.0,0.34035580554208167,-0.2574730881158869,0.6974827798409022
0.0,0.34011664797110647,-0.25776263905612773,0.6975178319259201
0.0,0.339874109385571,-0.25805680304991674,0.6975480192518295
0.0,0.33963564722129974,-0.2583462020265927,0.6975819806822093
0.0,0.33939387490231204,-0.2586405524303047,0.6976148218902267
0.0,0.3391549512252276,-0.25892880482247954,0.6976447564430254
0.0,0.33891238005023444,-0.2592170407873791,0.6976820606284823
0.0,0.33867171009047947,-0.2595113272625061,0.6977131684665371
0.0,0.33843349820110724,-0.25979938888237064,0.697741344013517
0.0,0.33819096498939766,-0.2600919016433662,0.6977743210616563
0.0,0.33795357638035156,-0.26037425704677236,0.6978051404471634
0.0,0.33771277955413526,-0.26066099741253995,0.6978400849741866
0.0,0.3374742565201371,-0.260945455834262,0.6978696298964026
0.0,0.3372343684789307,-0.2612280860133359,0.6979056020693328
0.0,0.33699757274411385,-0.26150732007032035,0.6979405283399754
0.0,0.3367622860925455,-0.2617870015454753,0.6979688112816292
0.0,0.3365268983137914,-0.2620644647489432,0.6980029762480582
0.0,0.3362907726142001,-0.26234481837095003,0.6980356066999011
0.0,0.3360583985484308,-0.26262096665890056,0.6980673778342322
0.0,0.3358238476733173,-0.26290066408645174,0.6980938806467772
0.0,0.3355881176564646,-0.26318124696156875,0.6981246392737644
0.0,0.335355493293169,-0.2634585826403682,0.6981544581710845
0.0,0.3351155918385796,-0.2637417142602415,0.6981864922546737
0.0,0.3348821688741079,-0.2640178885197242,0.6982173200015404
0.0,0.33464577352301583,-0.26429902388841425,0.6982468317409869
0.0,0.33440289542382295,-0.2645809617874953,0.6982812653052812
0.0,0.3341638432750204,-0.2648603742305985,0.6983135014083075
0.0,0.33343699024181117,-0.2657022855319209,0.6984111212254306
0.0,0.3331934879535001,-0.2659840283096119,0.6984439660597742
0.0,0.33295247973214276,-0.2662657074002806,0.6984746166924112
0.0,0.3327066776403339,-0.26655238650097496,0.6985013415338075
0.0,0.3324593543051051,-0.2668419275463151,0.6985351736519267
0.0,0.3322185991756003,-0.2671229489100725,0.698564900138285
0.0,0.33197419350593077,-0.26740780948204085,0.6985945681293955
0.0,0.33173190729729185,-0.2676895695191478,0.6986240493193414
0.0,0.33148586712359285,-0.267974939562527,0.6986542225272826
0.0,0.33123986818209145,-0.2682609032255209,0.6986791830100779
0.0,0.3309957976234346,-0.26854223150254003,0.6987100287652405
0.0,0.33075086017930094,-0.26882291434048056,0.6987415620819327
0.0,0.3305103401406182,-0.2691005114207234,0.6987708746826738
0.0,0.33026744197066593,-0.2693793576148127,0.6988014872482389
0.0,0.3300204165984687,-0.2696633987616388,0.6988273414071254
0.0,0.3297809313007995,-0.2699346573359568,0.69885946784621
0.0,0.32954440091234705,-0.27020631488993846,0.6988835129788304
0.0,0.32930090467168893,-0.27048362164119966,0.698913681143421
0.0,0.3290611292322437,-0.27075550840073587,0.6989448574466165
0.0,0.32881561216232347,-0.27103497298732415,0.6989746844020883
0.0,0.32857985809182794,-0.27130603073308784,0.698996892090464
0.0,0.32834001643035987,-0.27158204366248084,0.6990230198343421
0.0,0.32809623518010433,-0.27186007924988426,0.6990509508646896
0.0,0.3278527919764823,-0.27213849417361863,0.6990784523473595
0.0,0.3276068476962493,-0.27241595382136496,0.6991039653055671
0.0,0.32736437437774824,-0.2726897489449407,0.6991323903807382
0.0,0.3271206361173727,-0.2729657523850485,0.6991555873990687
0.0,0.32686807977460186,-0.2732467306655187,0.6991871002319551
0.0,0.326623522200971,-0.27352403821592575,0.6992100467603697
0.0,0.32637204846756046,-0.27380672589898614,0.6992342073211661
0.0,0.32612366626276074,-0.27408639568000626,0.699261808288773
0.0,0.32587584202413394,-0.27436596790791273,0.6992840409945061
0.0,0.3256232460192218,-0.2746507267121121,0.6993064602156941
0.0,0.32537281399163204,-0.2749353583220169,0.6993271014678939
0.0,0.3251206596954297,-0.27522021125086005,0.6993486343099312
0.0,0.3248717513829512,-0.2755000516012285,0.6993745984951432
0.0,0.3246196973647349,-0.27578094886606896,0.6993934414395278
0.0,0.32436457381503986,-0.2760638390943395,0.6994175516784444
0.0,0.32411538608195867,-0.2763441832368009,0.6994424902688913
0.0,0.32386360001332587,-0.276625453996565,0.699464671612047
0.0,0.32360806346548965,-0.27690846050281076,0.6994841795881787
0.0,0.32336198501703134,-0.2771797526907111,0.6995076356940395
0.0,0.32311412002846235,-0.27745548849301777,0.699529353128987
0.0,0.3228677701002518,-0.27772784827241814,0.6995474346428991
0.0,0.3226137507686663,-0.27800585123118643,0.6995725735579643
0.0,0.32236837673266466,-0.27827890353967366,0.6995887204072755
0.0,0.3221263306167578,-0.2785435233801271,0.6996119454854339
0.0,0.32188150336122223,-0.2788142399812625,0.6996283219589543
0.0,0.32163770456797447,-0.2790822735710595,0.6996502780061938
0.0,0.32138817092051325,-0.2793541984451907,0.6996692351277426
0.0,0.32114061258804816,-0.27962705642228114,0.6996893498973017
0.0,0.32090093926005864,-0.27989098993366734,0.6997046094199973
0.0,0.32065412757682454,-0.28016215787395327,0.6997247914171468
0.0,0.3204038175569457,-0.28043415023911616,0.699742893669972
0.0,0.32015933876681296,-0.28070156972899996,0.699763002658843
0.0,0.31991104094437806,-0.2809702241377965,0.6997809711825618
0.0,0.31966466801183846,-0.28123730793968804,0.6997977061938899
0.0,0.31941247313430304,-0.2815062908905101,0.6998184751390403
0.0,0.31916293825984354,-0.281776610041686,0.6998352514012535
0.0,0.3189133412425369,-0.28204441846208733,0.6998537187372089
0.0,0.31866114953889224,-0.2823179564187649,0.6998694983405694
0.0,0.31841235691878317,-0.28258490717393964,0.6998912421490535
0.0,0.31816221782512893,-0.2828573272136932,0.6999053505388906
0.0,0.31790672878742515,-0.2831342067944797,0.6999201920363645
0.0,0.317656021394078,-0.28340624270047776,0.6999342171365541
0.0,0.3174041265022791,-0.2836796861317463,0.6999477486432941
0.0,0.3171534860711152,-0.2839496425143569,0.6999624579243845
0.0,0.3169018738871142,-0.28421911043917525,0.6999782345291277
0.0,0.3166480963746941,-0.28449152132785843,0.6999931738690562
0.0,0.31639599137396346,-0.28476059931062336,0.7000093275426532
0.0,0.31613987755329215,-0.2850337003202548,0.7000255740733172
0.0,0.31588827507384537,-0.28530065151290673,0.7000415751180243
0.0,0.3156403805936856,-0.28556355174340897,0.7000575921438742
0.0,0.31538660279076697,-0.2858337787722314,0.7000683816243253
0.0,0.31513965252456033,-0.28609780221527187,0.700086234627615
0.0,0.31489251002908203,-0.286359657740788,0.7000972043082329
0.0,0.3146490088578356,-0.2866193999135395,0.7001098020054866
0.0,0.31440716136054847,-0.2868769865112272,0.7001225764974323
0.0,0.3141581389925128,-0.28714215042648167,0.7001356731470385
0.0,0.3139112428873783,-0.28740062800007327,0.7001517378184141
0.0,0.31366227222475923,-0.2876631578156453,0.7001616358524961
0.0,0.3134170085641417,-0.28792542045058,0.7001720685283332
0.0,0.3131707337698807,-0.2881824319413696,0.7001875831950671
0.0,0.3129168757254379,-0.2884483525768327,0.7002020187059601
0.0,0.3126701180790855,-0.288706950699049,0.7002198991347304
0.0,0.3124175704537959,-0.2889700078544371,0.70023479886495
0.0,0.31216639643131505,-0.28923381561762773,0.7002427348523714
0.0,0.31191581842775895,-0.28949386023741247,0.7002575478440517
0.0,0.31166359868589516,-0.28975679473661103,0.7002711762969286
0.0,0.311409642111279,-0.2900211509053457,0.7002850156437262
0.0,0.3111595455432064,-0.29028206770403886,0.7002934075712282
0.0,0.31090266538814476,-0.29054934597981996,0.7003020946948165
0.0,0.3106538936806568,-0.2908098940840991,0.7003128377829914
0.0,0.31039932615683924,-0.291075674062301,0.7003241761134723
0.0,0.3101420186593273,-0.29134398517861426,0.7003355610868395
0.0,0.3098869477619141,-0.2916084259996564,0.7003482061652943
0.0,0.30963268020688517,-0.2918720694999713,0.7003555713855847
0.0,0.30938179204205807,-0.29213162860806335,0.7003673569980969
0.0,0.3091298595317614,-0.29239252582277225,0.700375006256477
0.0,0.30887164090874664,-0.29265744148193285,0.7003840969653513
0.0,0.30861960710249664,-0.2929185101615817,0.7003952695644027
0.0,0.3083628396027591,-0.29318144223209525,0.700408370235009
0.0,0.30812029968236576,-0.2934305339948865,0.7004156665416094
0.0,0.30786877087559233,-0.29368818543952857,0.700423633674517
0.0,0.307616299479025,-0.2939482637547244,0.7004340837733862
0.0,0.30736252537735415,-0.2942046829702437,0.7004439492022612
0.0,0.3071178993666802,-0.2944565789034482,0.7004531717446018
0.0,0.3068727714505782,-0.29470651954590776,0.7004596572896535
0.0,0.30662908468647243,-0.2949546099817053,0.7004663451007971
0.0,0.3063806617299311,-0.2952082721608018,0.7004723447230016
0.0,0.3061318321567268,-0.29545927118008364,0.7004848940788344
0.0,0.30588757448686665,-0.2957076163956828,0.7004948068018537
0.0,0.3056448448716072,-0.29595446108231765,0.7004998535621665
0.0,0.3053996568378482,-0.296203617939781,0.7005052340319768
0.0,0.3051473463057359,-0.2964590541124109,0.7005152302418838
0.0,0.30489971522505444,-0.2967078522595164,0.7005223056445951
0.0,0.3046521903727349,-0.29695642388629273,0.7005330415705765
0.0,0.3044020413006715,-0.29720489009728535,0.7005415980551618
0.0,0.30415210187094627,-0.29745433876892363,0.7005491304849056
0.0,0.30390105685139424,-0.2977054790406019,0.7005560057044933
0.0,0.3036525422683579,-0.29795508543581684,0.700565819385753
0.0,0.30340016680290005,-0.29820840453371766,0.7005713093469219
0.0,0.30315032735908043,-0.2984591664652661,0.7005761512390097
0.0,0.30290157198663464,-0.2987058520219064,0.700583326646813
0.0,0.30264892683596734,-0.2989611550488662,0.7005862731117876
0.0,0.3023926505620607,-0.29921734609739525,0.700591645512297
0.0,0.3021434410920457,-0.29946440803293406,0.7005942987813784
0.0,0.301888234148062,-0.2997158971652437,0.7006012358092206
0.0,0.3016403132028672,-0.2999628909185367,0.7006016666516922
0.0,0.3013897026250994,-0.30021205621766267,0.7006066926407173
0.0,0.3011336811731833,-0.30046420300209126,0.700613545672
0.0,0.30088251568529745,-0.30071051053162307,0.7006210176464226
0.0,0.30062800020178126,-0.3009619912802023,0.7006265992438816
0.0,0.3003862537373606,-0.3012004800666478,0.7006310739931404
0.0,0.3001376344873037,-0.3014445824151588,0.7006325668848119
0.0,0.2998818341664893,-0.3016933682861579,0.700640272332186
0.0,0.2996330059381915,-0.30193589891520056,0.7006428978760837
0.0,0.2993899863470717,-0.3021730721038465,0.7006487104832358
0.0,0.29914752238026243,-0.30240771934428934,0.700655437869676
0.0,0.29890460167108757,-0.30264617759968115,0.700655155356296
0.0,0.2986552784640354,-0.3028885035057153,0.7006567683653236
0.0,0.298408037755627,-0.3031287944776086,0.7006621972663248
0.0,0.2981615176854271,-0.3033663534280808,0.7006688530829345
0.0,0.29791873649756306,-0.30360246158744053,0.7006683457085601
0.0,0.29767300673017283,-0.3038380011318596,0.70067525661413
0.0,0.2974248842859134,-0.3040766326209359,0.7006820248258191
0.0,0.29717657495156113,-0.30431674454338553,0.7006828072694574
0.0,0.2969255192244904,-0.3045559027396401,0.7006903680298001
0.0,0.2966765352873243,-0.30479115394195,0.7006945848140369
0.0,0.2964313007420481,-0.3050280907619065,0.7006942912588096
0.0,0.29618195067688524,-0.3052655625408957,0.7007014209288951
0.0,0.29593509505706833,-0.30550288337304116,0.7007022419990939
0.0,0.29568275190021365,-0.30574241115420214,0.7007091907849793
0.0,0.29493569819910254,-0.30645481173470895,0.7007160329535125
0.0,0.2946795876647104,-0.3066964197890574,0.7007232418051677
0.0,0.29443075855573037,-0.3069348734152888,0.7007227842266895
0.0,0.29417703990182564,-0.30717343850082524,0.7007298387350477
0.0,0.2939306665052203,-0.30740555812793474,0.7007313774354845
0.0,0.2936800640519197,-0.30764132560685675,0.7007325266918089
0.0,0.2934297361984359,-0.3078752940391306,0.7007395663595173
0.0,0.2931794632143336,-0.3081101594602505,0.7007418535404489
0.0,0.29292626683844636,-0.30834472692364057,0.7007503231984981
0.0,0.2926806456624034,-0.3085752075130136,0.7007508762205331
0.0,0.2924342338917299,-0.30880417968877316,0.700753163311124
0.0,0.2921851577000669,-0.3090360297852892,0.7007590830434628
0.0,0.2919382670613844,-0.3092647519498576,0.7007622279927268
0.0,0.29168988922080485,-0.30949502093441383,0.7007649415137537
0.0,0.29145128505749757,-0.30971599723425397,0.700766588826189
0.0,0.2912129321823673,-0.30993613336798914,0.7007720434490594
0.0,0.29097151237379437,-0.31015894986147535,0.7007735357262356
0.0,0.2907283203908199,-0.3103847584880029,0.7007742085676447
0.0,0.2904854234552754,-0.31060727790192816,0.7007770597440526
0.0,0.29024309744301674,-0.310828340880106,0.7007841881736263
0.0,0.29001052115305115,-0.311042460365178,0.7007846446427043
0.0,0.2897692880660739,-0.3112649368682311,0.7007847822743559
0.0,0.2895285608619744,-0.3114822094759566,0.700789553967235
0.0,0.2892812640757536,-0.3117081511387081,0.7007960076612088
0.0,0.28903402110035065,-0.3119323772910026,0.700799127511685
0.0,0.28879742564474276,-0.3121477024359834,0.7007961143450974
0.0,0.2885582922528207,-0.31236358975303835,0.7007988416979593
0.0,0.2883150927289982,-0.3125839786378744,0.7008012194135665
0.0,0.28806724290397623,-0.3128064482496252,0.7008103952884758
0.0,0.28782232481306613,-0.3130271969389049,0.7008134155055851
0.0,0.28758031694075775,-0.3132425531747698,0.7008139205354353
0.0,0.2873385190873614,-0.31346317064405665,0.7008133579715652
0.0,0.2870950723461488,-0.31368101017383254,0.7008165066807404
0.0,0.2868483198008335,-0.313901659334446,0.700820088665183
0.0,0.28659890132924937,-0.3141247299416076,0.7008276638406057
0.0,0.2863561518702719,-0.3143394858688875,0.70083219927894
0.0,0.28611012641718075,-0.31455793196449955,0.7008313604435804
0.0,0.285864250047524,-0.31477412501886914,0.7008402722958693
0.0,0.28562045767095157,-0.31499216973255434,0.7008418365271754
0.0,0.2853731566314564,-0.31521034257500025,0.7008421750173843
0.0,0.2851301541486068,-0.3154260718961426,0.70084470620128
0.0,0.28488720748544993,-0.3156398412128255,0.7008482104809788
0.0,0.2846428284482836,-0.31585417669222554,0.700852259856374
0.0,0.2844000850949178,-0.31606711771616064,0.7008554648814234
0.0,0.28415537215961556,-0.31628167663530155,0.7008550695280666
0.0,0.28391348637212543,-0.31649222860739745,0.7008643184442133
0.0,0.28367230812453637,-0.31670184678426916,0.7008644711658941
0.0,0.28343135393526614,-0.31691041870133985,0.7008694984393273
0.0,0.28319848838240924,-0.31711439200135816,0.7008673085887563
0.0,0.28296344758229086,-0.3173164527182644,0.7008730527829419
0.0,0.28273053663064945,-0.31751881523930703,0.7008769309892002
0.0,0.28249069896625595,-0.31772762898395773,0.7008804364782142
0.0,0.2822555964753678,-0.3179312753361508,0.7008794432300433
0.0,0.28202348031861424,-0.31813090855510906,0.7008831902993099
0.0,0.28178756654516995,-0.31833484943503526,0.7008823331080313
0.0,0.2815482998567327,-0.31854045396434,0.7008872240283096
0.0,0.28131066498567003,-0.318743411263389,0.7008931688596594
0.0,0.28107238142515445,-0.318947179365459,0.7008939900474236
0.0,0.2808395443503165,-0.3191460485130596,0.700898009395518
0.0,0.28060199694152793,-0.3193449346117894,0.70090110697082
0.0,0.2803589725271222,-0.3195498713591883,0.7009079172562164
0.0,0.28011912987144677,-0.31975428025441605,0.7009129226091342
0.0,0.27987865931925815,-0.31995450803044734,0.7009172323898873
0.0,0.27964677033922797,-0.32015008871377704,0.7009222532635969
0.0,0.2794092100337914,-0.3203505446372311,0.7009230808465048
0.0,0.2791676754659367,-0.3205539688957554,0.7009279379232829
0.0,0.2789293673213926,-0.3207535436986919,0.7009346539978055
0.0,0.27868481384781535,-0.3209577648473609,0.7009417279292242
0.0,0.27844768240134976,-0.3211545579351435,0.700948577114637
0.0,0.27821244645116844,-0.3213532789488147,0.7009476784448991
0.0,0.277972477820327,-0.3215519664975529,0.7009548763481174
0.0,0.2777305773205527,-0.3217531973071521,0.7009568562844907
0.0,0.2774897516493997,-0.32195100454019243,0.7009652729013445
0.0,0.277250012653579,-0.3221491339979522,0.7009675332148558
0.0,0.27701988739417627,-0.32233965343468085,0.7009690698311918
0.0,0.27678282535607257,-0.3225328875102887,0.7009777402715133
0.0,0.27655056543811024,-0.32272421406269924,0.7009799484332805
0.0,0.2763132027768931,-0.32291806190161315,0.7009923665513418
0.0,0.2760727395782015,-0.323114474904155,0.7009959590507108
0.0,0.27584502379220904,-0.32330049764599633,0.7009983142079135
0.0,0.2756119052674082,-0.32349086859187887,0.7010053083017154
0.0,0.275384747630819,-0.32367737516156764,0.7010067227417484
0.0,0.27514719268935334,-0.3238705827719188,0.7010144290650121
0.0,0.2749189533005553,-0.32405515599762247,0.7010184480875243
0.0,0.2746985389908725,-0.32423159555002323,0.7010272798917799
0.0,0.27447371120140795,-0.32441361018631343,0.7010303346298343
0.0,0.2742515623604808,-0.32459342262201396,0.7010328649468488
0.0,0.27401938090984196,-0.3247757138018348,0.701045050029115
0.0,0.27379409471649685,-0.3249581225624265,0.7010513185391984
0.0,0.2735715886754609,-0.3251351891694318,0.7010556844423298
0.0,0.2733495642794537,-0.32531235042836376,0.7010636108370858
0.0,0.27312242499923156,-0.32549370077104756,0.7010671651440225
0.0,0.272895161965259,-0.3256720717529279,0.7010782771944976
0.0,0.2726669729721873,-0.32585553789066424,0.7010844143873006
0.0,0.27244275037793886,-0.32603139333653935,0.701090087614844
0.0,0.27221826036055435,-0.32620658422387094,0.7011004362719674
0.0,0.2719927650826989,-0.3263866863914258,0.7011026257838865
0.0,0.27176692620681414,-0.3265646084076732,0.7011118368374006
0.0,0.2715385010821652,-0.3267449206444173,0.7011162342985254
0.0,0.27131322528801366,-0.32691975937485296,0.7011266335910784
0.0,0.27108986066946356,-0.32709477805112674,0.7011310012306512
0.0,0.2708614201190385,-0.32727170045704107,0.7011413218925124
0.0,0.2706354783966538,-0.3274470155103705,0.7011473416436911
0.0,0.27040440227625906,-0.3276247735139134,0.7011589491016343
0.0,0.270180928392674,-0.32780089626548203,0.7011619041788812
0.0,0.26995632464082986,-0.32797389050536885,0.7011682536124286
0.0,0.26972767306128054,-0.32814980478862144,0.7011742805727513
0.0,0.26950306268785046,-0.3283212574456412,0.7011862461283446
0.0,0.2692739042402711,-0.32849875100945247,0.701191827248973
0.0,0.2690468838806995,-0.3286726843867656,0.7011983010613431
0.0,0.2688232506444521,-0.3288394411986406,0.7012087045953797
0.0,0.26859857292193356,-0.32901018147247174,0.7012164811393893
0.0,0.268374719960442,-0.32918005505169345,0.7012240756514017
0.0,0.2681485319182019,-0.32935239728249327,0.7012308964064418
0.0,0.26792281743082647,-0.3295221182623045,0.7012435447871604
0.0,0.26770087706530876,-0.32968929887421033,0.701246968747954
0.0,0.26748112165614035,-0.329853587636486,0.7012594776042451
0.0,0.26725917790027187,-0.3300202693624036,0.7012676395397844
0.0,0.2670362058179528,-0.3301873209286796,0.7012802184175407
0.0,0.26681259153797476,-0.33035282047569203,0.7012899016039803
0.0,0.2663823699708602,-0.330673951504054,0.7013047028458619
0.0,0.2661711437982846,-0.3308291260125606,0.7013139813526774
0.0,0.2659546106636397,-0.33098805145313687,0.7013242732945613
0.0,0.2657406489722666,-0.33114677632068773,0.7013364667586569
0.0,0.2655305641998259,-0.3313026386207997,0.7013434285928428
0.0,0.2653173499312769,-0.331459417866506,0.7013515246058232
0.0,0.26510552281354693,-0.33161480458600867,0.7013596013544506
0.0,0.264892385469943,-0.331772661661746,0.7013670302074543
0.0,0.264677279745268,-0.33192719955752037,0.7013787548116883
0.0,0.26446591188415747,-0.33208136277032796,0.7013877487327844
0.0,0.26425349583425317,-0.3322355367198721,0.7013968030085528
0.0,0.26404029181527056,-0.33238865865444334,0.7014070742164779
0.0,0.2638274546427885,-0.33254293015081904,0.7014165981161379
0.0,0.26360979782428723,-0.3326994807620414,0.7014274615003598
0.0,0.2633990815495223,-0.3328496579732949,0.7014384845192942
0.0,0.2631835227957301,-0.33300492980636626,0.7014528304942281
0.0,0.26297229042596404,-0.33315533603076186,0.7014596238836204
0.0,0.262759288267509,-0.33330625296216915,0.7014753465199867
0.0,0.2625443122812256,-0.3334582953566661,0.7014879402085015
0.0,0.2623330994203863,-0.33360631954899034,0.7014970093230334
0.0,0.2621201574374187,-0.33375861002392077,0.7015071162182714
0.0,0.2619053879436362,-0.333907537971144,0.7015216014204513
0.0,0.26169542462891016,-0.33405577779070716,0.7015331107922164
0.0,0.26147803240623196,-0.3342063432715988,0.7015476290606015
0.0,0.26126443230698176,-0.33435801125307907,0.7015540295903567
0.0,0.2610514615188325,-0.33450387309510893,0.7015697455351697
0.0,0.2608397162181769,-0.3346512431697764,0.7015828771518986
0.0,0.2606270200149171,-0.33479631815135985,0.7015982531341917
0.0,0.26041377960623524,-0.3349416834168071,0.701614063952312
0.0,0.2602007478193259,-0.3350891254237545,0.7016232548673857
0.0,0.2599919446597448,-0.33523103308944413,0.701638330652707
0.0,0.2597787120904481,-0.3353754685350539,0.7016545221599519
0.0,0.2595735248469559,-0.3355179670087453,0.7016662995702821
0.0,0.2593632707934541,-0.3356610927708464,0.7016769923628634
0.0,0.25915539773724205,-0.33580334191166866,0.7016904290312935
0.0,0.2589497234712288,-0.33594145814487386,0.7017062996250267
0.0,0.2587433313449843,-0.33608081036994486,0.7017209929623279
0.0,0.2585374326774038,-0.3362202529942837,0.7017355588396486
0.0,0.2583354987185341,-0.3363551212439552,0.7017472789636244
0.0,0.2581293309145028,-0.3364933912041226,0.7017626297101441
0.0,0.25792592984505713,-0.33663131363813403,0.7017719852052583
0.0,0.2577230307168271,-0.336764227466304,0.7017894948171124
0.0,0.2575188530902231,-0.3368984308101298,0.7018064479559629
0.0,0.25731952365241734,-0.33702790196604415,0.7018243466455326
0.0,0.2571205874830915,-0.33716069848676306,0.7018344587662925
0.0,0.2569288864718524,-0.337284176010136,0.7018481738397859
0.0,0.25673383507589187,-0.3374135172299253,0.7018628096958975
0.0,0.25653660321211713,-0.33754156930918944,0.7018800189620573
0.0,0.25634148534297463,-0.3376682468281581,0.7018964513083893
0.0,0.2561449693609548,-0.3377969772049218,0.7019080059114657
0.0,0.255950860296423,-0.33792175874949604,0.701925646133838
0.0,0.2557567799757611,-0.33804737539331264,0.701942496242748
0.0,0.25555694301721654,-0.338174575339811,0.7019575565408772
0.0,0.25536613705775746,-0.3382956240028922,0.701976583973915
0.0,0.25517186775712186,-0.33842086979828084,0.7019936522357144
0.0,0.25497097642162875,-0.33854553888407174,0.7020159294037337
0.0,0.25477505314037097,-0.3386672185987404,0.7020329092755896
0.0,0.25457711372051284,-0.3387890236073008,0.7020512426216015
0.0,0.2543826903653529,-0.3389097074704977,0.7020721577969171
0.0,0.2539911224761553,-0.3391532884358379,0.7021137286786355
0.0,0.25379970662233814,-0.3392685794415315,0.7021330848265436
0.0,0.25360476822610284,-0.3393895260578803,0.7021539201825402
0.0,0.2534102956279515,-0.3395115119852976,0.7021691577473843
0.0,0.2532160378344616,-0.33962979231005963,0.7021917444819632
0.0,0.25302532198537553,-0.3397485543739416,0.7022115154455459
0.0,0.25283371525009013,-0.3398661936932025,0.7022284508432718
0.0,0.2526377098526089,-0.3399862903337828,0.702249946897744
0.0,0.25244403932491255,-0.3401024030156548,0.7022696370382439
0.0,0.2522488388233001,-0.3402203221132694,0.7022929079398836
0.0,0.2520563589020898,-0.34033613359191905,0.7023119450372742
0.0,0.2518660931983562,-0.340448715577557,0.7023320038092249
0.0,0.251672662376346,-0.34056483813642446,0.7023553300891279
0.0,0.25148439701396175,-0.3406776736152773,0.7023776970121719
0.0,0.2512947693730259,-0.3407890021714652,0.7023983254108102
0.0,0.2511036467167458,-0.3409039122518791,0.7024206256128738
0.0,0.2509177928272773,-0.341012969325345,0.7024403840430116
0.0,0.2507314837861426,-0.34112461638367,0.7024581227898328
0.0,0.25053936008532396,-0.3412374268669819,0.702482603638258
0.0,0.2503525352536841,-0.34134584526627654,0.7025078037037041
0.0,0.25016902224054705,-0.34145073822457644,0.7025294360154714
0.0,0.2499856842041211,-0.34155695316041235,0.7025497223037449
0.0,0.24979894492954763,-0.34166133780772634,0.7025784660282491
0.0,0.24961371747676753,-0.341766790977664,0.7026005114674815
0.0,0.2494284229507749,-0.34186948819621066,0.7026295883903507
0.0,0.24924586149361608,-0.3419718122831037,0.7026523998691042
0.0,0.24906739660392824,-0.34207225776427375,0.702678458498224
0.0,0.2488860979482624,-0.34217249957667745,0.7027024604661525
0.0,0.24870449360937963,-0.34227608452988917,0.7027234273944136
0.0,0.24852646729972522,-0.34237284413196467,0.7027530315182527
0.0,0.24834855786353865,-0.3424701447069177,0.7027735177477119
0.0,0.24817245964065385,-0.34256320266975293,0.7028042775371636
0.0,0.24799957702229236,-0.34265864049803785,0.7028268110258321
0.0,0.24782401665200834,-0.3427526072183486,0.7028520318956221
0.0,0.24765320388258089,-0.3428412421232956,0.7028792147998931
0.0,0.24748092587004433,-0.34293284940493396,0.7029085435170961
0.0,0.2473124502352248,-0.3430231637163601,0.7029325075775535
0.0,0.24714464058185,-0.34311287851606853,0.7029607324945577
0.0,0.24697281824418332,-0.3432035833692769,0.702986084440914
0.0,0.24680493666610076,-0.34329049729737104,0.7030126372885265
0.0,0.246636288672968,-0.34338045416668794,0.7030364689167069
0.0,0.2464645040096044,-0.3434690144954517,0.7030681432520641
0.0,0.24629768413153208,-0.343555706450974,0.7030936390200649
0.0,0.2461284659330862,-0.3436427150521973,0.703120538570722
0.0,0.2459624266540624,-0.343726794491883,0.7031521940194364
0.0,0.2457881721575374,-0.3438156021026667,0.7031810655685147
0.0,0.24562145298276206,-0.34390175335635575,0.7032109949524985
0.0,0.24545405682815494,-0.34398891960400824,0.703231796361661
0.0,0.24528594849792806,-0.344073680187836,0.7032639844061012
0.0,0.24511681915130812,-0.3441579162989965,0.7032934605801467
0.0,0.24494971970484616,-0.3442415170238492,0.7033219504438787
0.0,0.24477943675376868,-0.3443251736926084,0.7033529474895471
0.0,0.24461456957209204,-0.34440473213279044,0.7033837144898346
0.0,0.24444792730061854,-0.34448453981434246,0.7034152196038597
0.0,0.244278619211929,-0.34457009857009435,0.7034426469706859
0.0,0.2441151352672285,-0.3446492270669871,0.7034725902492055
0.0,0.2439476187140029,-0.3447298419004078,0.7035037673473444
0.0,0.2437839280054271,-0.34481124886920556,0.7035315934967945
0.0,0.24361854243344067,-0.3448874776614386,0.7035656242752601
0.0,0.24345383797741083,-0.3449651262620193,0.7035982374689872
0.0,0.24329016717589783,-0.3450418290071344,0.7036306226374308
0.0,0.24312484043917001,-0.34511823647073775,0.703664492215673
0.0,0.2429608696784207,-0.3451984961530204,0.7036932671248596
0.0,0.2427987963655999,-0.34527379383975654,0.7037259873997264
0.0,0.2426385779542464,-0.34535039423229896,0.7037560025467635
0.0,0.24247752417412846,-0.34542576712961126,0.7037878494307628
0.0,0.2423174009994507,-0.3455003279906221,0.703819863585961
0.0,0.24215459312697182,-0.34557363584642603,0.7038547913795876
0.0,0.2419972349145214,-0.3456440037259039,0.7038845191692306
0.0,0.2418354754836238,-0.3457171430523934,0.703918567456444
0.0,0.24168005286083472,-0.3457853159431057,0.7039531083215769
0.0,0.24136500327652735,-0.34592580916431004,0.7040210170684078
0.0,0.2412094056032339,-0.3459944386200519,0.704055202588313
0.0,0.24105834446699245,-0.34606153823035085,0.7040878932694182
0.0,0.24090594264515425,-0.3461273949732844,0.7041229009796262
0.0,0.24075136672245187,-0.34619280276779085,0.7041593750740487
0.0,0.24059780041198597,-0.3462596450430834,0.7041891208609876
0.0,0.24044070151649916,-0.34632520921975823,0.7042264784511599
0.0,0.24028987453346543,-0.34638773228362235,0.7042628964299145
0.0,0.24014355806705417,-0.34644868978455723,0.7043019110570312
0.0,0.23999123814232012,-0.34651302732557343,0.7043373970961286
0.0,0.2398426892372807,-0.3465764691145203,0.7043712327213908
0.0,0.23969575904886561,-0.34663377899063597,0.7044097260540251
0.0,0.23955040817072737,-0.3466904546629085,0.7044482732166594
0.0,0.23940233271687228,-0.34674744340165403,0.7044878220375191
0.0,0.23925536891417826,-0.34680541991468883,0.7045256335387101
0.0,0.2391110483454014,-0.34686118954562706,0.7045596594057087
0.0,0.238967429286904,-0.34691628359595156,0.7045978159054826
0.0,0.23882428435040087,-0.3469695929522677,0.7046371856778916
0.0,0.23867746981705446,-0.3470263945557102,0.7046761090036096
0.0,0.23853773762138983,-0.34708130694351513,0.7047119480305847
0.0,0.23839621798377336,-0.34712888284609306,0.7047560578563299
0.0,0.2382575080294585,-0.34717998221172036,0.7047950644785547
0.0,0.23812048893617366,-0.34722753547430873,0.7048362362311004
0.0,0.23797922158758772,-0.3472764861915525,0.7048784209439249
0.0,0.23784364430015906,-0.3473243787346458,0.7049185939308988
0.0,0.23770704465745687,-0.34737373549827255,0.7049577598239896
0.0,0.2375764680119858,-0.34741988909052085,0.7049918606496921
0.0,0.23744525500886185,-0.3474595063758209,0.7050366447833498
0.0,0.2373124214451291,-0.34750425539153756,0.7050776397414639
0.0,0.2371800123008347,-0.3475456543726856,0.7051219335609407
0.0,0.23704803716475106,-0.3475869360888709,0.7051654776979486
0.0,0.23691434438331643,-0.34763152247262086,0.7052031909975048
0.0,0.236787760266845,-0.347670548673837,0.7052456903232518
0.0,0.23665794717135233,-0.3477126305121956,0.7052873092561479
0.0,0.2365295769027473,-0.34775082410353875,0.705331460842932
0.0,0.2363972295760926,-0.34779206468212376,0.705371405551076
0.0,0.23626647370205459,-0.3478319917872354,0.7054156549429113
0.0,0.23614037302633822,-0.34786865741912887,0.7054598635106735
0.0,0.23600908672537527,-0.34790885146920847,0.705504222018051
0.0,0.23588155574753109,-0.3479466708622332,0.7055444815052416
0.0,0.23575426905538066,-0.3479850728534676,0.7055883175840066
0.0,0.23562722753128934,-0.3480215321339824,0.7056294062546089
0.0,0.23549939985853785,-0.3480561687563781,0.7056769157364785
0.0,0.2353702018608046,-0.3480925917208863,0.705719114543582
0.0,0.23524409708595992,-0.3481254556377657,0.7057672172022209
0.0,0.23511749006063756,-0.3481616189135661,0.7058085971708601
0.0,0.23499270669928712,-0.34819579045936344,0.70585454167142
0.0,0.2348670718028542,-0.34822930477950825,0.7059019777997063
0.0,0.23474198591292172,-0.34826030002791536,0.7059472568683435
0.0,0.23461609459860627,-0.3482931279343461,0.7059913599874366
0.0,0.23449002885333126,-0.3483249721981914,0.7060407360430092
0.0,0.23436562959758453,-0.34835677709158486,0.7060848070646352
0.0,0.23424394561995773,-0.34838301434486046,0.7061322427873488
0.0,0.2341204619476445,-0.34841403264131604,0.7061762693808221
0.0,0.23399691109598536,-0.34844261162834517,0.7062268600763222
0.0,0.23387617348092282,-0.34847122774981554,0.7062713889470332
0.0,0.23375249886269145,-0.34849950283295894,0.7063180544738404
0.0,0.2336314271815488,-0.34852409691839953,0.7063661641102232
0.0,0.23351383832202538,-0.34854613597804995,0.7064185399682131
0.0,0.23339338121825648,-0.348572860855921,0.7064607293876359
0.0,0.23327448396635575,-0.3485965523359128,0.7065089412082195
0.0,0.23315479201094882,-0.3486195214485713,0.7065620951886975
0.0,0.2330361556008354,-0.3486407036170594,0.7066123403753874
0.0,0.23292037262709703,-0.348660294728532,0.70666211568951
0.0,0.23280492777951026,-0.348681979531927,0.7067099441111376
0.0,0.23269064872686732,-0.3487032707525911,0.7067573704399768
0.0,0.23257452402261178,-0.34872487812530684,0.7068056601058119
0.0,0.23246157904396914,-0.3487424945091321,0.7068557040959303
0.0,0.23234953995536312,-0.3487584829623918,0.7069062948156297
0.0,0.23223551698458966,-0.34877992437502325,0.7069534092291355
0.0,0.2321254354355673,-0.34879281466792855,0.7070060097862949
0.0,0.23201271992422134,-0.3488091395852327,0.707056791363564
0.0,0.23190160431897194,-0.34882583029522424,0.7071064071238722
0.0,0.23179278137676862,-0.3488388160540291,0.7071583564941181
0.0,0.23168173934982342,-0.34885494745862955,0.707208288373837
0.0,0.23146577785716893,-0.34887951503312614,0.7073121761866965
0.0,0.23136274062279452,-0.3488910380099668,0.7073615972479199
0.0,0.23125917823171593,-0.3489010138802458,0.7074089401718969
0.0,0.23115145991625388,-0.348912497331172,0.7074657315542867
0.0,0.23104768732590447,-0.3489227850450036,0.7075170669672556
0.0,0.23094113910899144,-0.34893268782514447,0.7075704619376538
0.0,0.230838329319192,-0.3489409525124957,0.7076230666708972
0.0,0.2307338897949026,-0.34894858391544814,0.7076772285773238
0.0,0.23063021591056945,-0.3489574275091618,0.7077297267312253
0.0,0.23053176149827317,-0.34896405959920107,0.7077811675436836
0.0,0.2304305656262036,-0.34896813012186056,0.7078368550068558
0.0,0.230328525028679,-0.3489739533287909,0.7078911577417641
0.0,0.23022832966072726,-0.3489768319101907,0.7079473726738686
0.0,0.23012904229544207,-0.3489842376158251,0.7079945607970418
0.0,0.23002915487928938,-0.34898804059064703,0.7080538774429749
0.0,0.22993417128742222,-0.3489899449907973,0.7081073576794605
0.0,0.2298341598194128,-0.3489930638539077,0.7081631492165331
0.0,0.22974052531301054,-0.34899484667766156,0.708212233712502
0.0,0.2296419217728059,-0.3489945667229407,0.7082743700876866
0.0,0.22954831054572264,-0.34899589012335175,0.7083239625373923
0.0,0.22945049065896303,-0.34899539674826907,0.7083820552935606
0.0,0.22935505568256684,-0.34899311591874793,0.7084400812819759
0.0,0.2292552638598021,-0.348992883827996,0.7084987774218658
0.0,0.22916183173612298,-0.34898711201231364,0.7085590976287239
0.0,0.22907261696338654,-0.34898655702962383,0.708611676786376
0.0,0.22898172989415738,-0.3489834797021986,0.7086674333283296
0.0,0.22888944090693503,-0.34898155541839015,0.7087237800971254
0.0,0.22879849007923533,-0.3489781218281053,0.7087803935676202
0.0,0.22871085626662452,-0.34897025768092343,0.7088389674578931
0.0,0.2286232206287326,-0.34896582071515236,0.7088905127235824
0.0,0.22853352267589938,-0.34896211362479435,0.7089468167286892
0.0,0.22844529149583617,-0.3489569548737806,0.7090035207436022
0.0,0.22835895715679608,-0.34894980739433823,0.7090567835873824
0.0,0.22827410133969436,-0.34894224797228385,0.709113267236956
0.0,0.22819068855608254,-0.3489315834584291,0.7091720945053143
0.0,0.228104375245581,-0.3489233864404927,0.7092306526547915
0.0,0.228023667532747,-0.3489124470392379,0.7092839100121587
0.0,0.22793956739419333,-0.34890115359761414,0.7093398916951311
0.0,0.22785946990270353,-0.3488920178258397,0.7093910818375727
0.0,0.22777523994946955,-0.3488780561848663,0.7094495871912124
0.0,0.2276939142244112,-0.34886725018011944,0.7095071431569863
0.0,0.22761331960451714,-0.34885490840436106,0.7095618941366247
0.0,0.227533800755843,-0.3488418802591705,0.7096166051594014
0.0,0.22745537331242854,-0.34882789286667987,0.7096757740964056
0.0,0.2273794390809272,-0.3488109988414204,0.70973158676771
0.0,0.22730211356910157,-0.3487962930262144,0.7097907560484906
0.0,0.22722874379909724,-0.34878008608409733,0.7098449104084417
0.0,0.22715431166636085,-0.34876412322030126,0.7098993009245546
0.0,0.2270824270681061,-0.34874418368719096,0.7099559418101378
0.0,0.22700999733376478,-0.34872291722504406,0.7100145590101001
0.0,0.22693382566710382,-0.34870583678092465,0.7100711144592544
0.0,0.22686357528033013,-0.3486852439269634,0.710127330626812
0.0,0.22678964804609208,-0.34866426071438794,0.7101824466571278
0.0,0.2267193153258823,-0.34864398875834046,0.7102426946177814
0.0,0.22664756026350788,-0.3486213740443701,0.7103021864919731
0.0,0.22658424693900148,-0.34859708921810884,0.710357735553475
0.0,0.2265149287077975,-0.34857556347977325,0.7104149445060802
0.0,0.2264452377190051,-0.34855111511934145,0.7104750529132721
0.0,0.22638405090546482,-0.3485282423596537,0.7105286605716892
0.0,0.22631843842122878,-0.34850248898691283,0.7105875605252433
0.0,0.22625119889482637,-0.3484777686894091,0.71064661414613
0.0,0.22618681256366052,-0.3484502806058952,0.7107064121099906
0.0,0.2261236239418457,-0.3484215119902643,0.7107667288456683
0.0,0.22606137710781088,-0.3483921155596966,0.7108270898715275
0.0,0.22599930823754377,-0.3483645405329918,0.7108861381463609
0.0,0.22593848097230995,-0.34833490016390867,0.7109419004604917
0.0,0.22587556897050545,-0.3483037603512882,0.7110047202241361
0.0,0.22581515175934172,-0.3482690807132253,0.7110688691262987
0.0,0.22575418893649335,-0.3482378965255026,0.7111303065339317
0.0,0.22569504855736677,-0.3482079029976012,0.7111897236307813
0.0,0.22563770070911926,-0.34817343525223493,0.7112517766158406
0.0,0.22557946883804672,-0.34814100191575514,0.7113129057601161
0.0,0.22551895528471808,-0.34810964066882766,0.7113743352301815
0.0,0.22546366513501703,-0.34807524869704376,0.7114354178648132
0.0,0.2254094177349054,-0.3480415725862335,0.7114953284289536
0.0,0.22535444100551844,-0.34800476196439917,0.7115586369556649
0.0,0.225296087063502,-0.3479698333838117,0.7116224408720687
0.0,0.22524452612992332,-0.3479311684639595,0.7116853505401705
0.0,0.2251365349008324,-0.34785766945142166,0.7118106676701319
0.0,0.22508394259973252,-0.3478182343660492,0.7118709948699489
0.0,0.22503300202485352,-0.3477792734170281,0.7119339079264009
0.0,0.22498392352879001,-0.34773819566608943,0.7119977389378257
0.0,0.22493183103919928,-0.34769807989905654,0.7120621138048062
0.0,0.2248836268742748,-0.3476561849874524,0.71212205933312
0.0,0.2248312457680234,-0.34761592827006343,0.7121871334893757
0.0,0.22478323106880227,-0.34757413445991586,0.7122509799231229
0.0,0.2247362295742706,-0.3475316485641893,0.7123148641448793
0.0,0.2246892837597659,-0.347488695445234,0.7123791730132975
0.0,0.2246445062155582,-0.34744667559348824,0.7124416366934079
0.0,0.22459733292043535,-0.34740247775343785,0.7125071512302953
0.0,0.22455643504020126,-0.34735825042676255,0.7125689577182239
0.0,0.22451362260531615,-0.3473111711456487,0.7126345369606808
0.0,0.22447136149266142,-0.3472673095176705,0.7126929971174422
0.0,0.22442772690316976,-0.3472194195115698,0.7127598375335006
0.0,0.2243835827011756,-0.3471717923478158,0.7128230934251889
0.0,0.22434305228434828,-0.3471227782574734,0.7128891079479772
0.0,0.22430102735431034,-0.34707718607005306,0.7129533757144794
0.0,0.2242632552934858,-0.3470297848812288,0.7130122847719115
0.0,0.22422615607495466,-0.34698181676424633,0.7130757489891796
0.0,0.22418417351691267,-0.34693518580637606,0.713137182148737
0.0,0.22414816567713136,-0.3468869508862249,0.7132001545385424
0.0,0.2241126907141751,-0.34683480713248915,0.7132618810050516
0.0,0.22408004774146065,-0.34678546825586437,0.7133198539276282
0.0,0.22404492635083273,-0.3467350775119919,0.7133802782703086
0.0,0.22400806948671204,-0.3466853448996392,0.7134410540689079
0.0,0.2239715004586601,-0.3466347061820492,0.7135065235854011
0.0,0.22393806409617323,-0.34658182050742864,0.7135681683804681
0.0,0.22390614473038026,-0.34653061371468175,0.7136273209266815
0.0,0.22387611014897718,-0.34648001706725756,0.7136849181285843
0.0,0.22384341789437057,-0.34642618574451356,0.7137469265632166
0.0,0.22381455169783426,-0.34637321458102205,0.7138101412512454
0.0,0.2237856955647867,-0.34631938579837684,0.7138659257147233
0.0,0.22375720153743114,-0.3462677978256584,0.7139236227488637
0.0,0.22372970694964686,-0.34621324558754657,0.7139833068072805
0.0,0.22370110702515789,-0.34616082371323526,0.7140418630597255
0.0,0.22367614708022002,-0.3461063943832651,0.7140998332891847
0.0,0.22365027322730913,-0.3460525946419122,0.7141578513905594
0.0,0.22362525103110215,-0.34599961627355325,0.7142146060065752
0.0,0.22360230198366213,-0.3459459558857519,0.7142665694202419
0.0,0.22357470053965325,-0.3458933340379404,0.7143246052825217
0.0,0.22355445639913696,-0.3458360866012991,0.7143784056218482
0.0,0.22353317201412967,-0.3457797080095402,0.7144360836256326
0.0,0.22350977094459315,-0.34572595412803886,0.7144886843339615
0.0,0.22348911642886765,-0.3456688383251937,0.7145469654963059
0.0,0.223471369497486,-0.34561317864553825,0.7145978963572682
0.0,0.22344904235930352,-0.34555746143730753,0.7146517836910518
0.0,0.22343434553731362,-0.3455004157286974,0.7147062721454303
0.0,0.22341524536051074,-0.3454430130892572,0.7147598885368653
0.0,0.22339925137120428,-0.3453883101066874,0.7148132972360167
0.0,0.22338423280464484,-0.34533260219565454,0.714858865480978
0.0,0.22336832744722343,-0.3452744749963579,0.7149112187334603
0.0,0.22335145389832897,-0.3452179005866159,0.7149625659583797
0.0,0.2233371951067952,-0.34515741905190567,0.715016339932365
0.0,0.22332454254090606,-0.34509807207333426,0.715067918940902
0.0,0.22330909722605485,-0.3450392927030972,0.7151208396377084
0.0,0.22329723963829157,-0.3449781848410725,0.7151738500960031
0.0,0.22328211049942798,-0.3449163361708765,0.7152289813099988
0.0,0.22327282067028795,-0.3448567093865321,0.7152790949814404
0.0,0.22326079009904173,-0.34479577663937233,0.7153324118878874
0.0,0.22325338883757928,-0.344735336024423,0.7153785523097361
0.0,0.22324406387370876,-0.34467346167900054,0.7154308908581594
0.0,0.22323739349183874,-0.3446115994490412,0.7154778791921879
0.0,0.22322982175361072,-0.3445486832755483,0.7155303630812163
0.0,0.22322268034777265,-0.3444846235740625,0.7155838973147722
0.0,0.22321801330144037,-0.3444216309055489,0.7156347955431879
0.0,0.2232124308813496,-0.3443590510987432,0.7156817286722404
0.0,0.22320703538268755,-0.34429533721293787,0.7157293178458662
0.0,0.2232024233154645,-0.34422818242773,0.7157839265470693
0.0,0.22319851270823352,-0.34416265184488243,0.7158327397252501
0.0,0.2231942905308635,-0.34409748483297226,0.715881704985131
0.0,0.22319560154655269,-0.34403264800988087,0.7159268668321364
0.0,0.2231953333523476,-0.3439631913257851,0.7159815036961038
0.0,0.2231993003990948,-0.3438967338336804,0.7160269286566063
0.0,0.22319841774978755,-0.34382906399145646,0.7160803060165698
0.0,0.22320064570125014,-0.34376236854851394,0.7161268469814321
0.0,0.22320196486909533,-0.3436959662429887,0.7161777419651002
0.0,0.22320702885911706,-0.3436264750214007,0.7162251785402488
0.0,0.2232123131559075,-0.343556372685382,0.716273066420597
0.0,0.22321713643241628,-0.34348531241997793,0.7163261402990558
0.0,0.22322134278409833,-0.34341540558223377,0.7163707295802264
0.0,0.2232251647489664,-0.3433436905095816,0.7164250588375396
0.0,0.22323439547397336,-0.3432750743974692,0.7164693677765319
0.0,0.22324368451301055,-0.3432027702907223,0.7165169506303745
0.0,0.22325198845794922,-0.3431301604108469,0.7165654109070634
0.0,0.22325635725633292,-0.34305860221371054,0.7166194142464355
0.0,0.22326874599010094,-0.3429823429593949,0.716668568416624
0.0,0.22327973160959855,-0.34291036679873066,0.7167151047811052
0.0,0.22329208767014136,-0.3428383954143295,0.7167607194900587
0.0,0.22330502398822785,-0.3427606427576866,0.7168153387525285
0.0,0.2233154342032811,-0.34268770994094233,0.7168630538171274
0.0,0.2233281528614962,-0.34261457448442206,0.7169096873158504
0.0,0.22334565425486708,-0.3425388186606957,0.7169562715120907
0.0,0.22336218164665264,-0.3424645845918879,0.7170017292072478
0.0,0.2233795221708526,-0.3423897036998831,0.7170471948204882
0.0,0.2233963781049336,-0.3423122487976401,0.7170994993114137
0.0,0.22341326777816306,-0.3422359355911396,0.7171467247118454
0.0,0.22342815863744664,-0.34216087894201835,0.7171936823956321
0.0,0.22344752594252126,-0.34208419761183856,0.7172395627588912
0.0,0.22346620581923615,-0.3420049020014544,0.7172885375178617
0.0,0.22348278852058692,-0.3419297197604118,0.7173311707012733
0.0,0.22350598300833774,-0.3418484793996712,0.7173833717289814
0.0,0.22352558508003215,-0.34177085208353586,0.7174303828812557
0.0,0.22354982413031282,-0.34169009831353286,0.7174736277142018
0.0,0.22357326384189416,-0.34161230047025337,0.7175187280119216
0.0,0.22359768100741045,-0.34153189159517994,0.7175652922300547
0.0,0.22362321140907127,-0.3414536058251651,0.7176096899154497
0.0,0.22364722508301788,-0.3413725066035749,0.717656953881034
0.0,0.2236723116151085,-0.3412924939847508,0.7176990573997928
0.0,0.2236988787273984,-0.3412099046981938,0.717746989483389
0.0,0.2237247372374286,-0.3411281349151164,0.7177943675260401
0.0,0.22375535139417366,-0.3410421630289995,0.7178388821321913
0.0,0.2237840413270516,-0.3409593792449199,0.7178817147135713
0.0,0.22381433263333048,-0.34087316537790946,0.7179302503531637
0.0,0.22384259002207477,-0.340789684143956,0.7179739011475891
0.0,0.2238732633172486,-0.34070698754318346,0.7180193373191752
0.0,0.22390548003307495,-0.34062312941416184,0.7180609440072246
0.0,0.22393928506638872,-0.34053869625187055,0.7181058548300979
0.0,0.22397159254837312,-0.3404547330299738,0.7181474753506901
0.0,0.22400594364255058,-0.3403701189515794,0.7181929791364183
0.0,0.2240393817603509,-0.34028598334128574,0.7182382502556307
0.0,0.22407703446194002,-0.34019801143481504,0.718280324305632
0.0,0.22411530070624536,-0.340110950587821,0.7183211090529881
0.0,0.22415226475580982,-0.3400256902396295,0.7183611349266317
0.0,0.22419006389648957,-0.33993661169502976,0.7184040663597391
0.0,0.22422715386531356,-0.3398495170205994,0.7184496371722506
0.0,0.2242659083235883,-0.3397603172955806,0.7184924758533727
0.0,0.22430690388759864,-0.33967325382227553,0.7185319853745
0.0,0.22434647683078052,-0.33958586871929103,0.7185729668233335
0.0,0.2243897696449603,-0.33949504806560493,0.7186145054095459
0.0,0.22443252105546105,-0.339405554103945,0.718655449749945
0.0,0.22447621550034877,-0.33931531597060494,0.7186961563908386
0.0,0.2245199008749405,-0.3392264057849855,0.7187358700807505
0.0,0.22456052424903306,-0.339136287622357,0.7187782987941
0.0,0.22460410512835666,-0.33904849666976195,0.7188209068485182
0.0,0.22465268237607697,-0.33895613017091153,0.7188566697031064
0.0,0.2246959258908158,-0.3388660853486449,0.7188975432177045
0.0,0.22474440228645962,-0.3387733750436846,0.7189376042786855
0.0,0.22479085750596572,-0.33868026838275783,0.7189796212766093
0.0,0.22483997268201347,-0.3385872122335721,0.7190199872208878
0.0,0.2248874316042679,-0.33849293637200517,0.7190623795766935
0.0,0.22493895842042966,-0.3384012993671921,0.7190997173045917
0.0,0.22499044732225282,-0.3383050524499301,0.7191374498199595
0.0,0.225040972700576,-0.33820998214060943,0.7191788257702945
0.0,0.22509266278386938,-0.3381122621387169,0.719221708472933
0.0,0.22514667317106235,-0.33801564460442063,0.7192582664186626
0.0,0.22519761508734443,-0.33792308954069006,0.7192970950693934
0.0,0.22525408515469392,-0.3378248681925181,0.719337498028093
0.0,0.22530720275658186,-0.33772809950193894,0.7193789619695707
0.0,0.22536180820098917,-0.3376306553735692,0.7194197742029477
0.0,0.2254212915696069,-0.33753427822346177,0.7194525401311558
0.0,0.22547631357932374,-0.33743517885933816,0.7194947454479305
0.0,0.22553441964821597,-0.33734168232071854,0.7195258424525742
0.0,0.22559527646756633,-0.33724702189964406,0.7195610599586277
0.0,0.22565305991264428,-0.33715003387703857,0.7195958094867199
0.0,0.22571437067454925,-0.3370502870379144,0.7196348610555672
0.0,0.22577604801453038,-0.3369529213283148,0.7196676424352155
0.0,0.2258384661107747,-0.3368523599010756,0.7197068539410644
0.0,0.22589999085743329,-0.33675362522767993,0.7197407912301875
0.0,0.22596199447397233,-0.3366547262476734,0.7197789323426192
0.0,0.2260238271875591,-0.3365551505874792,0.7198129824125922
0.0,0.22609061119436483,-0.3364501463453235,0.7198535870339577
0.0,0.2261585568936474,-0.33634788938620896,0.7198867030000147
0.0,0.2262219416302152,-0.3362454744877579,0.7199266698489517
0.0,0.22628956691514313,-0.33614345000378043,0.7199603994244194
0.0,0.22635417091015764,-0.3360401757322008,0.7199967407302605
0.0,0.2264267455617744,-0.3359370652629878,0.7200319350715159
0.0,0.22649528795343268,-0.33583384493878804,0.7200657908254475
0.0,0.2265655694487411,-0.33573041977463597,0.7201029002705267
0.0,0.22663372022926623,-0.3356258109057037,0.7201380395759467
0.0,0.2267029247812367,-0.33552068171161,0.7201772684474448
0.0,0.2267727896081998,-0.3354168065980471,0.7202147165926068
0.0,0.2268438688741154,-0.33531254580297915,0.7202479461661907
0.0,0.22691843812136667,-0.33520598898385556,0.7202850594248723
0.0,0.22698912316022415,-0.3350996383378748,0.720320651004813
0.0,0.2270621973693904,-0.3349921654679347,0.7203559306885534
0.0,0.22713474914156787,-0.3348846034707954,0.7203954173474395
0.0,0.22720719794892513,-0.3347769927551981,0.720431075165641
0.0,0.22728249695139485,-0.3346686680281762,0.7204653436736855
0.0,0.22735718759922982,-0.33456367306120816,0.7204972345162324
0.0,0.2274318259719794,-0.33445501591320076,0.7205363282407848
0.0,0.22750942222197537,-0.3343485044343155,0.7205680915228492
0.0,0.22758332884307375,-0.3342402236187352,0.7206071937766494
0.0,0.22765965097947047,-0.3341317017474307,0.7206415173108739
0.0,0.22773782342393195,-0.3340221588337134,0.7206752730936689
0.0,0.22781247202514224,-0.3339151590203998,0.7207089978500838
0.0,0.22789246270413,-0.3338054539334517,0.7207459942618828
0.0,0.22796652104724818,-0.33370155212769453,0.7207774039309585
0.0,0.22804903083413705,-0.3335871284996984,0.7208167300758301
0.0,0.22813431809944215,-0.33347669168584726,0.720846648588802
0.0,0.22821552629839953,-0.3333653521104031,0.720880251091865
0.0,0.2283002753938105,-0.33325395823291365,0.7209155935895121
0.0,0.22838077395421794,-0.33314582999691567,0.7209465529086643
0.0,0.2284691530877066,-0.33303321818899057,0.7209806485059754
0.0,0.22855660577299727,-0.3329231792220922,0.7210094854513308
0.0,0.22864687842429335,-0.33281007041624583,0.7210393152452192
0.0,0.2287343263998124,-0.33269698690558325,0.7210707569174947
0.0,0.22882404799288272,-0.3325854651367038,0.7210957121141846
0.0,0.2289119493991937,-0.3324709404681263,0.7211313885001133
0.0,0.2290016160589029,-0.3323570820252512,0.7211620438628669
0.0,0.22909186568527726,-0.3322425988650864,0.7211924225272777
0.0,0.2291843398908004,-0.33212905402458825,0.7212209147795368
0.0,0.22927870521979007,-0.3320154880410381,0.7212447867490416
0.0,0.22937162211425413,-0.33190149972093513,0.7212734061181324
0.0,0.22946571328695914,-0.3317875513812126,0.7213011651190663
0.0,0.22955625627195436,-0.33167278502955927,0.7213354981372426
0.0,0.2296515298852609,-0.33155972367430464,0.7213577858386186
0.0,0.2297495052213967,-0.3314462169601049,0.7213828453569159
0.0,0.22984138013458771,-0.3313322309134914,0.7214119636322771
0.0,0.22994201744928455,-0.3312184715777817,0.7214315230208789
0.0,0.23003732464654336,-0.3311056884799442,0.7214572440593251
0.0,0.2301338580146823,-0.3309929183437047,0.7214821698908638
0.0,0.23023170817497163,-0.3308762278349649,0.7215056989692619
0.0,0.23032850786572653,-0.3307612249938502,0.7215323739123889
0.0,0.23042545001860443,-0.33064456468200243,0.7215562942954447
0.0,0.23052626571492305,-0.3305284099153485,0.7215774757551677
0.0,0.23062526122766955,-0.33041359092806627,0.721602336342229
0.0,0.23072543123512881,-0.3302993445489436,0.7216223674027309
0.0,0.23082664896248248,-0.3301847252107618,0.7216457911411638
0.0,0.23092759026828996,-0.3300696766987955,0.7216655634310712
0.0,0.2310317778446695,-0.32995573571718406,0.7216830879040552
0.0,0.23113204640935692,-0.32983777624982036,0.721706191296814
0.0,0.23123416607292246,-0.32972454589066635,0.7217237094089767
0.0,0.23133686499930436,-0.329608422066394,0.7217432508017415
0.0,0.23144169854747523,-0.32949328440471704,0.721761194200181
0.0,0.2315465091497675,-0.32937914582036676,0.7217783160854028
0.0,0.23165286548063324,-0.32926374744119713,0.7217956951627057
0.0,0.23175810252717677,-0.3291514323875116,0.7218105829131972
0.0,0.23186332020127212,-0.32903807181743255,0.7218226977380018
0.0,0.2319700690139716,-0.32892170548852273,0.7218400123562362
0.0,0.23207772792558923,-0.3288079721592719,0.7218545422058948
0.0,0.2321868036687014,-0.32869163134320345,0.7218668088263928
0.0,0.23229409374598964,-0.32857703064795185,0.7218787799222403
0.0,0.23239644173215873,-0.3284646845400416,0.7218960382110059
0.0,0.2325077532199598,-0.3283484701799217,0.721906593621648
0.0,0.23261809121712698,-0.32823106340061564,0.7219227118195213
0.0,0.23272774766792131,-0.3281163880353423,0.7219368909560716
0.0,0.23283837088559417,-0.32800379582799,0.7219447528545662
0.0,0.23295224770761563,-0.3278897633202117,0.7219555965104835
0.0,0.23306171514354765,-0.3277755288921064,0.7219691722592863
0.0,0.23317509272313264,-0.32765829511951705,0.7219790490337323
0.0,0.2332845768898655,-0.32754488549481947,0.7219883563704089
0.0,0.2334001188505049,-0.32742625298053385,0.7220026114190907
0.0,0.23351384021792496,-0.32731107220286193,0.7220108828888574
0.0,0.23362592887595585,-0.32719386346084894,0.7220211538436196
0.0,0.2337394051925923,-0.3270786139065954,0.7220290614256651
0.0,0.23385383202682797,-0.32696310871347706,0.7220406094070501
0.0,0.23396733293950883,-0.3268478347600577,0.7220526865614795
0.0,0.23408468498692994,-0.3267320299373657,0.7220588104147626
0.0,0.2342002280788711,-0.3266160010363747,0.7220662406718213
0.0,0.23431694870407174,-0.3264985998343479,0.72207757508023
0.0,0.23443488639172616,-0.32638290742159276,0.7220787931040895
0.0,0.23454983847868136,-0.326264713362534,0.7220918415697247
0.0,0.2346666416928414,-0.32615034235986373,0.7221005236224998
0.0,0.23478345146186583,-0.32603775287479375,0.7221036761148778
0.0,0.23490346049258065,-0.3259205308188251,0.7221130077387415
0.0,0.2350239072805435,-0.32580372322363427,0.7221175921385585
0.0,0.23514310317189793,-0.32568976126319316,0.72212413284472
0.0,0.23526815033864928,-0.3255704000841325,0.7221280280912189
0.0,0.2353877046059967,-0.32545498185840127,0.7221355259550855
0.0,0.23550954797389934,-0.3253367183452347,0.7221399578514864
0.0,0.2356375990834343,-0.3252176957107227,0.7221412408250812
0.0,0.23576513275395683,-0.32509766242390603,0.722143837369311
0.0,0.2358920511562016,-0.3249770761459634,0.7221473991422735
0.0,0.2360194895299459,-0.3248578109973091,0.7221491798242814
0.0,0.23615089791949884,-0.3247356653475642,0.7221550635315844
0.0,0.2362829405216825,-0.32461276041668446,0.7221569901298205
0.0,0.23640943502444733,-0.3244938367816467,0.7221586849192406
0.0,0.23653900222829127,-0.32437305056627025,0.7221599871091811
0.0,0.23667158591432774,-0.32425297571258443,0.7221554357905728
0.0,0.23679907876028455,-0.32413268894326785,0.7221578651758703
0.0,0.23693178806135132,-0.3240113283253518,0.7221576997098063
0.0,0.23706219665007935,-0.3238910439540672,0.7221578473450806
0.0,0.23719403384012505,-0.32377100786137236,0.7221566875550904
0.0,0.2373255577804619,-0.3236506970077461,0.7221563481232486
0.0,0.23745551751631927,-0.323533316274664,0.7221542116581263
0.0,0.2375887172292435,-0.32341247157813485,0.7221490437750822
0.0,0.23772076645979506,-0.32329010901534194,0.7221502762325643
0.0,0.2378551563735112,-0.3231681310472414,0.7221486357390698
0.0,0.23798647855977254,-0.32304599087508107,0.7221494534644318
0.0,0.2381184078990455,-0.32292569508903685,0.7221443985099337
0.0,0.23825114632754074,-0.32280481497051094,0.7221429148947862
0.0,0.2383784535985533,-0.3226878845369878,0.7221416241343536
0.0,0.23851716909855222,-0.322564715881953,0.7221383605170111
0.0,0.23865273152654615,-0.32244488157469403,0.7221304002714755
0.0,0.2387825574860035,-0.3223276762461649,0.7221274522078476
0.0,0.23891844430587947,-0.32220341239950373,0.7221265487907098
0.0,0.2390542677986015,-0.32208450432373414,0.7221212884492434
0.0,0.23918533333018094,-0.32196465484179343,0.7221197722699968
0.0,0.2393190319566148,-0.32184863188192375,0.7221095615310759
0.0,0.23945286169368432,-0.3217279529997109,0.7221066937068523
0.0,0.23959092301939786,-0.32160742797097486,0.7220972551190642
0.0,0.23972869709340927,-0.32148665204626714,0.7220921016712398
0.0,0.23986548783401831,-0.32137029579264653,0.722083908154194
0.0,0.24000505966696692,-0.32124987493949675,0.7220775796676268
0.0,0.24013957812700854,-0.32113169427321603,0.7220724584971299
0.0,0.24027772791632634,-0.32101215000485306,0.7220659877107372
0.0,0.24041879234963337,-0.32088878589615205,0.722060879923651
0.0,0.24055708565875195,-0.3207702776945119,0.7220493788139152
0.0,0.2406950972184687,-0.32064952183737133,0.7220401761570509
0.0,0.24083698220601665,-0.32052870985916054,0.7220322153676556
0.0,0.240974482385158,-0.32040976917472647,0.7220296599855752
0.0,0.24111558402390432,-0.3202901774012811,0.7220169902374551
0.0,0.24125326835034197,-0.3201727143343513,0.7220088614302357
0.0,0.24139863391017485,-0.32005024178727937,0.7220000112690207
0.0,0.24154274412616658,-0.31992721592093665,0.7219922524416948
0.0,0.2416815530430811,-0.31980947175203916,0.7219793392096159
0.0,0.24182639043173623,-0.3196875687748991,0.7219699984894103
0.0,0.2419651654985019,-0.3195677865359536,0.7219625690608331
0.0,0.24211159399456073,-0.3194463819215966,0.7219514388773514
0.0,0.24225693545296262,-0.3193243461472721,0.721941692470609
0.0,0.24239901477915515,-0.31920355936014794,0.721928822624271
0.0,0.24254433910187978,-0.31908271062564264,0.7219174716435831
0.0,0.24268743556575723,-0.31895977271012854,0.7219138589155578
0.0,0.24283817499827814,-0.31883545838279004,0.7218980765462732
0.0,0.2429891600093405,-0.3187122873174648,0.7218850111786788
0.0,0.2431353246817118,-0.31858823012219545,0.7218713988932901
0.0,0.24328606321416155,-0.31846353399376603,0.7218592422443869
0.0,0.24343767365690286,-0.3183371071052111,0.7218478575799446
0.0,0.24358847515223722,-0.3182111144297164,0.7218365235053126
0.0,0.24374530039334355,-0.3180848804764025,0.7218221168789519
0.0,0.2438989831299371,-0.3179574751338343,0.721814167132454
0.0,0.2440572734953656,-0.31782980891656193,0.7217997276330431
0.0,0.24421829271838708,-0.3176987737832491,0.7217859381661988
0.0,0.24437113377672315,-0.31757451793458347,0.7217715401584431
0.0,0.24453175625577905,-0.31744539543516437,0.7217559144626947
0.0,0.24468884882164138,-0.3173188885983039,0.7217365321153442
0.0,0.2448466852744894,-0.3171905143619674,0.7217263104665873
0.0,0.24500570505585922,-0.3170619674916593,0.7217115614040475
0.0,0.2451615370479405,-0.3169357582050665,0.7216966021219197
0.0,0.24532266668530206,-0.31680618471851646,0.7216810618771332
0.0,0.24548123576304282,-0.3166804681879998,0.7216602511829753
0.0,0.2456399014647337,-0.3165507640817245,0.7216505016272111
0.0,0.2457971904371743,-0.3164243244634517,0.7216308999538821
0.0,0.24595746438356303,-0.3162978664230991,0.7216127278037909
0.0,0.246117416280486,-0.3161677564471574,0.72160194444426
0.0,0.24627697933775772,-0.31603922940699736,0.7215859690048823
0.0,0.24643555930584232,-0.31591176088724343,0.7215660372030196
0.0,0.24659591569573944,-0.31578438345012405,0.7215525975898514
0.0,0.2467550738903897,-0.31565552294539756,0.7215327013067829
0.0,0.2469146514088078,-0.31552748495277744,0.7215165146575098
0.0,0.24707605098512106,-0.3153968668575574,0.7215011049303897
0.0,0.24723107957805796,-0.3152731366785192,0.7214837420912931
0.0,0.24738798299027517,-0.315142795554791,0.7214665597713059
0.0,0.24754402713048432,-0.3150185385062007,0.7214488998624881
0.0,0.24770313604593777,-0.31489127731875305,0.7214317422538874
0.0,0.24786332436618777,-0.31476288202224084,0.7214108144756954
0.0,0.24802255948951868,-0.31463817325908805,0.721391391392772
0.0,0.248183789579682,-0.3145118634268517,0.7213758508620411
0.0,0.2483437451929516,-0.3143881468013848,0.7213504755627472
0.0,0.24850513792579293,-0.3142622760306817,0.7213303403363266
0.0,0.24866505949833875,-0.3141394187541068,0.7213046066623328
0.0,0.24882459061602052,-0.3140148505481701,0.7212846487217971
0.0,0.24898923225995206,-0.31389045296008133,0.7212608129797462
0.0,0.2491536830262289,-0.31376399531391264,0.7212382725615653
0.0,0.2493180490967346,-0.3136423018100559,0.7212116198883283
0.0,0.2494815720496954,-0.3135197450864058,0.7211864266067631
0.0,0.2496429766639752,-0.31339479976463874,0.7211644897188242
0.0,0.24980619131382858,-0.3132708392409959,0.7211407641615141
0.0,0.24996922371451064,-0.31314384318620636,0.7211190895937006
0.0,0.2501341313033266,-0.31301660979257595,0.7210961564518391
0.0,0.25029979362689186,-0.31288959639958125,0.7210723704704124
0.0,0.2504615151115589,-0.31276610178041986,0.7210444373367872
0.0,0.25062379631014853,-0.312643086586415,0.7210193630308216
0.0,0.25078848989168434,-0.3125180511793606,0.7209945026814634
0.0,0.25095679653363356,-0.31239202447686204,0.7209720624904432
0.0,0.25112850599966563,-0.31226535832012137,0.7209396252458647
0.0,0.251297165467818,-0.31213908779838484,0.720912721700777
0.0,0.25146737563865973,-0.3120110668606989,0.7208901259812498
0.0,0.2516388137544674,-0.3118836713761929,0.7208582430746723
0.0,0.25181255552249404,-0.3117522794397402,0.7208320038450053
0.0,0.25198639136062273,-0.31162169285031,0.720804906662917
0.0,0.25216190387633264,-0.3114897312102175,0.7207781045378465
0.0,0.2523354811507793,-0.31135796688152767,0.7207517460756073
0.0,0.2525143089495081,-0.31122631174429294,0.7207218309565864
0.0,0.2526875050381367,-0.3110957619489456,0.7206986934971105
0.0,0.25286132649553833,-0.3109624089212079,0.7206730488374016
0.0,0.2530357906478347,-0.310831417420644,0.7206451407329509
0.0,0.2532089614744356,-0.3106987285561771,0.720619362915039
0.0,0.25338783557198097,-0.31056526804678164,0.7205901742169928
0.0,0.2535611912041664,-0.3104357152607412,0.7205619153655602
0.0,0.25374132217147155,-0.3103038663918376,0.7205304551025888
0.0,0.2539183009634285,-0.31017200124226063,0.7205013968647184
0.0,0.2540907329765586,-0.3100433449415504,0.7204763202178154
0.0,0.2542695856486453,-0.3099121915789469,0.7204486796361114
0.0,0.25444568386946814,-0.30978334093880033,0.7204126713162823
0.0,0.25462525788137624,-0.3096527756007823,0.7203837787953378
0.0,0.2548025855834168,-0.30952130771763553,0.7203530288360976
0.0,0.2549784923123927,-0.3093914514643219,0.7203260512480228
0.0,0.2551563269160817,-0.30926235963712834,0.7202932186459458
0.0,0.2553354339731163,-0.3091298710454639,0.7202620271740178
0.0,0.2555100443797947,-0.30900142093225197,0.7202298180557878
0.0,0.2556817282181151,-0.30887394559447584,0.7201990189987306
0.0,0.25586123704504216,-0.30874519088633046,0.7201676219188262
0.0,0.2560362315700665,-0.30861783321172526,0.7201382994375857
0.0,0.25621354777879696,-0.30849075437574036,0.720103467354303
0.0,0.2563880676680621,-0.3083659179467685,0.7200722492374892
0.0,0.2565635049202433,-0.30823697690803076,0.7200393642087082
0.0,0.25673818960174893,-0.30811061560906544,0.7200090549621002
0.0,0.2569132524729514,-0.30798527582432766,0.7199735031740175
0.0,0.2570909745216947,-0.3078575963407322,0.719938352209446
0.0,0.2572620413808254,-0.3077328969274155,0.7199090084703311
0.0,0.25743867141096904,-0.30760486277887716,0.7198747934877858
0.0,0.2576152034978748,-0.30747714331271897,0.7198398873709662
0.0,0.25778718196062356,-0.30735420299395183,0.7198076437290423
0.0,0.25796641792520225,-0.3072264153562679,0.7197745931237869
0.0,0.25813895968224415,-0.30710307155347183,0.7197384988393728
0.0,0.25831252611579425,-0.3069778594215718,0.7197070903141654
0.0,0.2584877924820993,-0.3068504866860212,0.7196725096339253
0.0,0.25866353010825316,-0.30672591129063,0.719634535906446
0.0,0.2588387072853408,-0.3065978435082961,0.7196041466687536
0.0,0.25901428264651055,-0.3064736869396902,0.7195658013662762
0.0,0.2591914916122682,-0.3063516697248876,0.7195290552153001
0.0,0.2593662887140005,-0.3062276101782403,0.7194952453878992
0.0,0.25955022980346215,-0.3061019261480457,0.7194524738868091
0.0,0.2597355683881397,-0.3059733371406126,0.7194108537887008
0.0,0.2599153663142092,-0.3058478905599029,0.7193742211139915
0.0,0.260098076879502,-0.30572167337622114,0.7193318950675608
0.0,0.26028319773442843,-0.30558920455326793,0.7192930106640316
0.0,0.2604643446749756,-0.30546397261641545,0.7192508171437031
0.0,0.2606532759841375,-0.3053304629936884,0.7192136442690658
0.0,0.2608412973967185,-0.30520050029999535,0.7191701022352872
0.0,0.2610257706969237,-0.3050734157741468,0.7191304306840117
0.0,0.2612141172947846,-0.30494180124225123,0.7190876694100955
0.0,0.261398173776788,-0.30481525875032617,0.719043691362681
0.0,0.2615869201393404,-0.3046834000784261,0.7190005964332522
0.0,0.2617730874157593,-0.3045538048688254,0.7189611849259556
0.0,0.26196473407099014,-0.30442350359756853,0.7189104178733736
0.0,0.2621509004064999,-0.30429703516454815,0.7188646498304478
0.0,0.26234001423375397,-0.30416561857339575,0.7188204641425022
0.0,0.26252625106209987,-0.3040387215558821,0.7187749352704005
0.0,0.26271550867762505,-0.3039095323202836,0.7187288404066791
0.0,0.2629003568847871,-0.3037793994381447,0.7186863520135139
0.0,0.263090993223693,-0.30364801379225814,0.718636518501952
0.0,0.2632760490328316,-0.3035182602046688,0.7185928804326762
0.0,0.26346420536201987,-0.3033872629291918,0.7185483177034028
0.0,0.2636546354466091,-0.3032559717013533,0.7184981436734782
0.0,0.2638410388086752,-0.30312815105008006,0.71845214781611
0.0,0.2640277889814153,-0.302998902043672,0.7184066709681297
0.0,0.2642152278505795,-0.30287058416131923,0.7183515573845874
0.0,0.2644013148791887,-0.3027440833006586,0.7183041710011493
0.0,0.26458827837066123,-0.30261627973979044,0.7182572948292175
0.0,0.26477390964550374,-0.3024912893414184,0.7182046357598383
0.0,0.264963905883073,-0.3023629377858559,0.71815562233492
0.0,0.2651515682630663,-0.30223476879343053,0.7181036540759109
0.0,0.2653381496019905,-0.30211100599567503,0.7180487558429227
0.0,0.2655243508555068,-0.3019829550128868,0.7180016454357578
0.0,0.26570901078502035,-0.3018557766933426,0.7179502966259342
0.0,0.2658911492924083,-0.3017324492474343,0.7178977592150495
0.0,0.2660787579100943,-0.30160759761466793,0.7178426271223813
0.0,0.2662662201312318,-0.3014796174676059,0.7177937816677875
0.0,0.26645574075277667,-0.30135511973867146,0.7177362881400896
0.0,0.26663929877875336,-0.3012363416931858,0.7176785321898237
0.0,0.2668267084695825,-0.3011165098040548,0.7176183662948741
0.0,0.26701636768966514,-0.30099105165942946,0.7175652842072437
0.0,0.26720381911267466,-0.3008662421859052,0.7175094362796278
0.0,0.26739188377381296,-0.30074323871390707,0.717451204268564
0.0,0.2675788776712964,-0.30061944307888705,0.7173938937816335
0.0,0.26776465887596357,-0.3004970018660173,0.7173361783661966
0.0,0.26795394608061607,-0.3003749867898834,0.7172759253675971
0.0,0.26813955345279833,-0.3002525762074809,0.7172225398200938
0.0,0.26833310203080757,-0.30012687577596053,0.7171620345255106
0.0,0.2685258006973024,-0.3000002578167411,0.7171030185870665
0.0,0.2687174764811955,-0.29987832586757135,0.7170401287387559
0.0,0.26891288800245977,-0.29974976050576885,0.7169798815683359
0.0,0.269102289538067,-0.29962286680193156,0.7169224149903963
0.0,0.26929487584458073,-0.29949644905098805,0.7168617180124871
0.0,0.26949194195821147,-0.2993687612997904,0.7167951623147738
0.0,0.2696865204963566,-0.2992417306548072,0.7167335697259807
0.0,0.2698817922386989,-0.2991145337352164,0.7166751256862943
0.0,0.27007780405173704,-0.2989878739214608,0.7166119828876655
0.0,0.2702745339483432,-0.29886084236570726,0.716548092179951
0.0,0.27047169820453437,-0.29873282790849576,0.7164849355414873
0.0,0.27066643607415874,-0.2986046835930676,0.7164235646854211
0.0,0.2708643356787069,-0.29847449984905544,0.7163609626301548
0.0,0.27105877707614817,-0.2983466974519484,0.7162986968393903
0.0,0.2712563107183289,-0.29822081076786344,0.7162285078649464
0.0,0.2714507583143577,-0.2980968692161769,0.7161630764991659
0.0,0.2716464674875801,-0.2979715812973748,0.7161015143938131
0.0,0.27184848712361226,-0.29784496872755795,0.7160325347434693
0.0,0.2720468219892642,-0.29771939124962216,0.7159647770284978
0.0,0.27224408885228035,-0.2975940075478849,0.7158975478358263
0.0,0.2724444860355672,-0.2974677589633966,0.7158290113398491
0.0,0.2726374499952643,-0.2973466510231092,0.7157616673128134
0.0,0.2728354130500589,-0.2972216031619263,0.715693343714876
0.0,0.2730326495059948,-0.2970949165025581,0.7156229353258352
0.0,0.27322781340166596,-0.296974743477687,0.7155524369460223
0.0,0.27342695983841325,-0.2968506778530845,0.715481757372855
0.0,0.2736207067072271,-0.2967269284996754,0.7154149161998473
0.0,0.27381750384881065,-0.296606311410957,0.7153433098374532
0.0,0.2740134287966133,-0.29648054814019703,0.7152763960474341
0.0,0.27420902225905885,-0.29636206191728415,0.715199744534787
0.0,0.2744068999197126,-0.2962419201930744,0.7151262564799206
0.0,0.27460425570640196,-0.29611844621914074,0.7150558980448359
0.0,0.2748011525995721,-0.2960024902535232,0.71497976037668
0.0,0.2749985917533062,-0.2958790351284286,0.7149092729370659
0.0,0.27519457778789846,-0.29575892133748716,0.71483744124645
0.0,0.2753909656342114,-0.29564004843382463,0.7147595933861491
0.0,0.27558897540004884,-0.29551702787843315,0.7146877636194758
0.0,0.27578648513028975,-0.29539561295148953,0.714610710851772
0.0,0.27598407303471256,-0.2952751939346947,0.7145367308443067
0.0,0.27617712387064447,-0.29515778592184616,0.71446370387622
0.0,0.27637258681134674,-0.2950374311218621,0.7143909572972132
0.0,0.2765708586565476,-0.2949119714984382,0.7143158320582192
0.0,0.2767649849192668,-0.29479238260111107,0.7142425196408326
0.0,0.2769626473691029,-0.29466985627697895,0.7141691609638089
0.0,0.27715982017395663,-0.29455007720640625,0.7140899187430104
0.0,0.27735818357831227,-0.2944333377244075,0.7140114177490212
0.0,0.27756190898071265,-0.2943068731585577,0.7139323551783533
0.0,0.2777620255938477,-0.29418535434590837,0.7138555964931164
0.0,0.27796357651175735,-0.29406121966173077,0.7137794966354511
0.0,0.27816704015045546,-0.2939339624605749,0.7137041440995007
0.0,0.278366121790072,-0.2938127697773762,0.7136270452013348
0.0,0.278570213899998,-0.2936858704155729,0.7135465332523268
0.0,0.2787734149050247,-0.2935619420905989,0.7134685628795947
0.0,0.2789791535638231,-0.2934331689548825,0.7133920716238307
0.0,0.27918450909691395,-0.29330347228655806,0.7133162302757751
0.0,0.2793885467906773,-0.293179899478267,0.7132324455571902
0.0,0.2795919612943145,-0.2930538087322996,0.7131551349883791
0.0,0.27979692037089554,-0.2929276612594788,0.7130766409414493
0.0,0.2800031991932708,-0.2927989868560933,0.7129992785793491
0.0,0.2802078694058088,-0.2926715788475167,0.7129215251431488
0.0,0.2804123906098258,-0.2925459340385781,0.7128382795465179
0.0,0.28061498415138486,-0.29242107678292106,0.712759455523983
0.0,0.28081905049963674,-0.29229653747845014,0.7126749520979855
0.0,0.28102195938467833,-0.2921688811378445,0.7125978350355489
0.0,0.2812235617567913,-0.2920424763723234,0.7125210876795595
0.0,0.28142714795269635,-0.2919180527105702,0.7124411789954274
0.0,0.2816308918592553,-0.29178822541290883,0.7123605037890646
0.0,0.28183383099084974,-0.2916619576748651,0.7122822334268134
0.0,0.2820350443904698,-0.29153974594331467,0.7122017370851008
0.0,0.28223859724243733,-0.2914149666856648,0.7121211536817718
0.0,0.2824390416501814,-0.29129525584403093,0.7120392010658817
0.0,0.28263968691868335,-0.2911694334789391,0.7119618032819074
0.0,0.2828428034032411,-0.2910453482516201,0.7118762468087874
0.0,0.28304232037945737,-0.2909206295713138,0.7117980563823758
0.0,0.2832444989638072,-0.2907957825580748,0.7117178620985579
0.0,0.28344165075613825,-0.2906756456599602,0.711637725246203
0.0,0.28363926172630466,-0.2905551720462179,0.7115532565764237
0.0,0.28384285326724656,-0.29042718319500227,0.7114740740828699
0.0,0.2840396290117676,-0.2903046708023917,0.7113950767795335
0.0,0.2846372380503188,-0.2899401623261389,0.7111463824863037
0.0,0.2848369807167358,-0.28981865653262995,0.7110642676635177
0.0,0.28503702637035766,-0.2896981369861105,0.7109803784190387
0.0,0.28523758228489066,-0.2895793565174444,0.7108907620258105
0.0,0.2854381750810898,-0.28945871261905426,0.7108105434861817
0.0,0.2856394886894198,-0.28933947354902767,0.7107244707756663
0.0,0.2858403375896794,-0.2892199995410951,0.7106384530187828
0.0,0.28603740051816856,-0.2890982628075702,0.7105569227726134
0.0,0.2862350365926892,-0.2889767533534356,0.7104744008212308
0.0,0.28643336015973986,-0.28885330691703687,0.7103928338308445
0.0,0.28662946908134934,-0.28873552115672896,0.7103081022775395
0.0,0.2868327752896052,-0.28861301492148633,0.7102214438015991
0.0,0.28703744319518687,-0.28848689963426566,0.7101366656462774
0.0,0.2872384630133464,-0.2883630694141883,0.7100524975127993
0.0,0.2874421857682005,-0.28823633478523436,0.7099688296209125
0.0,0.2876459555486951,-0.28811512749033186,0.7098802720443467
0.0,0.28785163023397686,-0.2879908053576682,0.709792313137406
0.0,0.28805968533454124,-0.28786644466834793,0.7097023887095169
0.0,0.2882657379643009,-0.28774037067370895,0.7096192868374623
0.0,0.28847130598354287,-0.28761545549555423,0.7095316108182687
0.0,0.28867607949970586,-0.2874903303611138,0.7094488463405879
0.0,0.28888317026536714,-0.2873672132476417,0.7093581097960447
0.0,0.28909064860468914,-0.28723808671820084,0.7092715120478857
0.0,0.28929823545241024,-0.28711393138653396,0.7091805967106615
0.0,0.2895034913726678,-0.28698635508267867,0.7090982807515628
0.0,0.2897047465117522,-0.28686456180700315,0.7090108434179347
0.0,0.289911383608381,-0.2867385881246979,0.7089218190964602
0.0,0.2901148478169079,-0.2866140355736266,0.7088336823296408
0.0,0.29032178754369187,-0.28648942888507056,0.7087426110769803
0.0,0.29052643758667485,-0.2863659583426843,0.7086524098228941
0.0,0.2907325360965234,-0.2862406276572141,0.7085623564475845
0.0,0.2909343265964012,-0.28611857758123604,0.7084732898278631
0.0,0.2911412453109591,-0.2859970003356376,0.7083796630501322
0.0,0.29134800885684864,-0.2858755394698528,0.7082895806147702
0.0,0.2915539789202126,-0.28575117475748846,0.7081980286135965
0.0,0.2917584649908517,-0.2856286544397923,0.7081063101883862
0.0,0.2919576119645204,-0.2855125022770888,0.7080136730162974
0.0,0.29216183984198163,-0.2853898406480249,0.7079217875841554
0.0,0.29236348693249226,-0.28527099007302137,0.7078245833639581
0.0,0.2925683816848025,-0.28514783497092155,0.7077325042128245
0.0,0.2927712140078595,-0.2850238806888097,0.7076425208872081
0.0,0.2929724641290853,-0.28490614190209096,0.7075488619406683
0.0,0.2931794246848735,-0.2847870443471004,0.7074511390197435
0.0,0.2933792552173939,-0.28466987341351807,0.7073576600881699
0.0,0.2935843194362812,-0.2845463435106277,0.7072640761712979
0.0,0.29378620563557095,-0.2844268588349167,0.7071662808337958
0.0,0.2939845610432021,-0.28431103372724426,0.7070723864570125
0.0,0.29418576546400943,-0.28419182822206746,0.7069749240548779
0.0,0.2943858344870423,-0.2840745601061897,0.7068762162129733
0.0,0.2945850406795266,-0.28395504799620275,0.7067837540483414
0.0,0.2947877419427569,-0.283832977662098,0.706686277027463
0.0,0.29498832424706584,-0.28371583029013847,0.7065906970638214
0.0,0.29518834234832786,-0.28359922301335727,0.7064952827687672
0.0,0.29538987445692416,-0.2834816834266264,0.7063953160019247
0.0,0.2955904032247155,-0.28336069726637403,0.7063017500121743
0.0,0.2957898495766207,-0.28323845119237734,0.706201946335881
0.0,0.29598788111685087,-0.28312057650381267,0.7061044013723645
0.0,0.2961884835560189,-0.2830011617125009,0.7060098278335769
0.0,0.2963900636948856,-0.28287855798860584,0.7059126844820531
0.0,0.2965950801086425,-0.28275357946185903,0.7058135178102671
0.0,0.2967992339557794,-0.28263081437330984,0.7057175989870815
0.0,0.29700181814680277,-0.2825089281579853,0.7056222713202941
0.0,0.2972090461396519,-0.2823861737270126,0.7055237741772072
0.0,0.29741452818597075,-0.2822642844035982,0.7054217444596943
0.0,0.29762027328513463,-0.2821393479510419,0.7053255099831572
0.0,0.2978278255821264,-0.2820119402616902,0.7052253409542444
0.0,0.29803222479818275,-0.28188858012864015,0.7051285189300905
0.0,0.29823500831566785,-0.28176609177406264,0.705032011158004
0.0,0.298440365814087,-0.28164085386914584,0.7049312136015694
0.0,0.2986443447616271,-0.281516124725179,0.7048350852524409
0.0,0.29885060017153076,-0.28138950245768696,0.7047339581377253
0.0,0.29905541363729815,-0.28126237143998417,0.7046387022691046
0.0,0.29925928754688685,-0.28113920426713057,0.7045407488228239
0.0,0.2994604268237042,-0.281016222250844,0.7044405720962149
0.0,0.2996620995169209,-0.28089219214694017,0.7043446281163716
0.0,0.2998657335910771,-0.28076917372496923,0.7042458410442256
0.0,0.30006738210553596,-0.2806432094274864,0.7041511920747665
0.0,0.3002706179096956,-0.2805215034977724,0.7040478373249076
0.0,0.3004722475230728,-0.28039782900528115,0.703951230839497
0.0,0.3006700435787253,-0.2802770400877983,0.7038555334153146
0.0,0.30087451433009893,-0.2801525076073448,0.7037563460237962
0.0,0.30107855916896753,-0.2800287364159568,0.7036568005494961
0.0,0.30127831070863054,-0.2799083708403944,0.7035584771863757
0.0,0.3014736243260333,-0.27978852882451977,0.7034593504813375
0.0,0.3016720018062851,-0.27966446590436084,0.7033650597086128
0.0,0.30186900929037774,-0.27954214415330747,0.7032698335314489
0.0,0.30206853184591415,-0.2794204222473736,0.7031677830224312
0.0,0.3022649905206725,-0.279298089386633,0.70307708369713
0.0,0.3024643770165796,-0.27917756749689077,0.7029737496366586
0.0,0.30265826436357396,-0.2790590462031446,0.7028782723814277
0.0,0.3028581801613095,-0.2789386217316947,0.7027744102131086
0.0,0.30305651325582206,-0.2788158250548193,0.7026780433218316
0.0,0.30325099091090985,-0.2786980148541828,0.7025803940652122
0.0,0.30344867357104977,-0.2785775374264481,0.702481823957594
0.0,0.30364235083191526,-0.2784593809845376,0.7023810063005194
0.0,0.30383617536040736,-0.27833948266237263,0.7022850973647378
0.0,0.3040328835418699,-0.27822052542820486,0.7021856383869328
0.0,0.3042276214621026,-0.27809966960519444,0.7020893892322256
0.0,0.3044231749263162,-0.2779795786873097,0.7019878343595385
0.0,0.30461862129469025,-0.2778592705668313,0.7018900359407504
0.0,0.30481120564609065,-0.27774294562717666,0.701791652943871
0.0,0.30500643260891547,-0.27762344850065146,0.7016927951059078
0.0,0.3052011884709442,-0.27750179956970306,0.7015919917541158
0.0,0.3053941570733226,-0.27738451104935735,0.7014887295005278
0.0,0.30558339657566386,-0.2772683802284746,0.7013923877514787
0.0,0.3057786907038709,-0.2771495915370133,0.7012921536167878
0.0,0.3059741948621838,-0.27702814930210684,0.7011934379476134
0.0,0.3061739369775143,-0.2769024077323098,0.701090009533736
0.0,0.3063675643083451,-0.276782070083492,0.700991651366734
0.0,0.3065618616132159,-0.2766624798869466,0.7008924906447955
0.0,0.30675989603507314,-0.2765410937230076,0.7007910145697531
0.0,0.3069568694772353,-0.2764147322930239,0.7006891938573263
0.0,0.3071574078761695,-0.27628689579919263,0.7005901747909289
0.0,0.3073541133635337,-0.27616289852321485,0.7004952261203896
0.0,0.307552912920209,-0.27603928208190126,0.7003944862861866
0.0,0.307749513556013,-0.27591409416754786,0.7002965379571937
0.0,0.30794806816185055,-0.27578748330723485,0.7001974649578172
0.0,0.3081453222042594,-0.27566220983560924,0.7000979478769678
0.0,0.30834027003474224,-0.2755387348933944,0.6999991140484632
0.0,0.30853866034795185,-0.27541277164605626,0.6998992412797862
0.0,0.30873391490830543,-0.27528560683346237,0.6998071298950153
0.0,0.3089259028109067,-0.27516382694943586,0.6997049721399171
0.0,0.30911772985095537,-0.27503859477643655,0.699609556430156
0.0,0.30931225395226297,-0.27491444170116025,0.6995104260574522
0.0,0.3095086542597187,-0.27478850367942764,0.6994112831209414
0.0,0.3097010617178874,-0.27466076292701025,0.6993211802650612
0.0,0.3098940823703154,-0.2745370978991293,0.6992227905855332
0.0,0.3100871921438579,-0.27441209051803,0.6991249957312415
0.0,0.3102765379073127,-0.27428834915397926,0.6990296512144881
0.0,0.3104727784112664,-0.2741614796437722,0.6989301208874911
0.0,0.31066150489897987,-0.2740369981878439,0.6988352778389236
0.0,0.31084853618710545,-0.27391588770461583,0.6987396192777372
0.0,0.31103643259207636,-0.273790582719068,0.6986497250597766
0.0,0.3112270490954477,-0.27366597739383436,0.6985523044440616
0.0,0.3114110745376936,-0.27354440323917617,0.6984584157096847
0.0,0.3115985350935404,-0.2734169568411966,0.6983659413197665
0.0,0.311783458553335,-0.27329823156532773,0.6982734397528483
0.0,0.3119721929880023,-0.2731750422373011,0.6981762859191367
0.0,0.31216081284307684,-0.27305126700713933,0.6980753529483914
0.0,0.31234518110667353,-0.2729291908255637,0.6979849475325759
0.0,0.3125289408743896,-0.2728067011078868,0.6978910366840101
0.0,0.31271302636311704,-0.27268343207498935,0.6977970252287317
0.0,0.3128941279704946,-0.27256292467180143,0.6977080747085518
0.0,0.3130779499385362,-0.27243919234542957,0.6976104376001425
0.0,0.3132633077542019,-0.272316544418511,0.6975186285837314
0.0,0.31344669739816194,-0.2721911115123526,0.6974263325708666
0.0,0.31362737821422115,-0.27207131605218926,0.6973362371273182
0.0,0.3138102975734339,-0.2719459697524248,0.697244046698834
0.0,0.3139933139601412,-0.27182312379567547,0.697149800926331
0.0,0.3141725879345028,-0.2717014396106596,0.6970614040872645
0.0,0.31435255687554303,-0.27157889160731896,0.6969732261161864
0.0,0.3145356435000554,-0.2714509583530168,0.6968778122681651
0.0,0.31471305047684234,-0.27133217554392536,0.6967887859330313
0.0,0.3148950751632101,-0.27120890257803204,0.6966991510984102
0.0,0.31507398424617944,-0.27108411486546075,0.6966045881331691
0.0,0.3152518959897015,-0.2709596626300903,0.6965190868502124
0.0,0.3154345829319095,-0.2708293993576901,0.6964335393026384
0.0,0.3156163628951098,-0.27070505925952715,0.6963399304571153
0.0,0.31580094180478513,-0.27057719009843484,0.6962510429731835
0.0,0.3159802883310073,-0.27045195456654125,0.6961599807265393
0.0,0.3161634066793717,-0.270321953196795,0.6960728990926571
0.0,0.3163488702132033,-0.2701878960326595,0.6959870118093965
0.0,0.31653180640534495,-0.27006114309747,0.695893337719703
0.0,0.3167169267699088,-0.26993263424691283,0.6958032383930033
0.0,0.31689832764473913,-0.26980339748087645,0.6957129175875472
0.0,0.3170815864202557,-0.2696738656920648,0.6956247183140559
0.0,0.31726795277231906,-0.26954036029013695,0.6955406879063383
0.0,0.3174481788693353,-0.2694140051286064,0.6954521600715523
0.0,0.31763081044097985,-0.2692845691578285,0.6953636841030179
0.0,0.31781361267743236,-0.26915431215686847,0.6952717351355598
0.0,0.3179938445555068,-0.26902564324415884,0.6951846908275698
0.0,0.31817586833758177,-0.2688935443108613,0.6950986242647318
0.0,0.318357851151974,-0.2687639877577733,0.6950102465077649
0.0,0.31853827325171935,-0.26863341526822593,0.6949242977548931
0.0,0.31872092987935935,-0.2685044047454624,0.6948348463641763
0.0,0.3188972643758445,-0.26837765666239355,0.6947489651288735
0.0,0.31907613697166054,-0.26824880228411374,0.6946619023752393
0.0,0.3192578327841782,-0.26812204156390046,0.6945710727220058
0.0,0.31943869259076507,-0.2679921339732292,0.6944830735587154
0.0,0.3196192186555516,-0.2678641706998566,0.694389768876396
0.0,0.3197958690503637,-0.26773724483411904,0.6943033737094718
0.0,0.3199737815037512,-0.267610781696847,0.6942146593199232
0.0,0.32015012781311897,-0.26748726468376627,0.694121048171392
0.0,0.3203281879030641,-0.2673601549649534,0.6940321274752748
0.0,0.3205032411564648,-0.26723607416169004,0.6939443211151778
0.0,0.32067782777551646,-0.2671129369966162,0.6938556733937451
0.0,0.3208558385876256,-0.2669871574187245,0.6937657592800317
0.0,0.32103194212636,-0.2668618293075195,0.6936772426001383
0.0,0.32120936265177713,-0.2667380513609848,0.6935817026236246
0.0,0.32138345567946375,-0.26661698454531063,0.6934914679608872
0.0,0.32155867286419504,-0.2664937160223376,0.693401439188239
0.0,0.32173268407859956,-0.2663700582180193,0.6933130566091665
0.0,0.32190835732102857,-0.26624764649843213,0.6932174539941304
0.0,0.3220818902712738,-0.2661258103345512,0.6931273899250439
0.0,0.32225520068569363,-0.2660013720770492,0.6930401417070005
0.0,0.32242700257962226,-0.2658813841334777,0.6929459798874925
0.0,0.32260218541585617,-0.26575868654024026,0.6928547099956895
0.0,0.3227754392338121,-0.2656360021216443,0.6927608847916207
0.0,0.3229466504227814,-0.26551670962213575,0.6926708001413826
0.0,0.3231220756907835,-0.26539255419252583,0.6925803182349987
0.0,0.32329189125724583,-0.26527343684320015,0.6924866638182319
0.0,0.3234642027999161,-0.26514934693672526,0.692398607381917
0.0,0.3236363235255031,-0.26502875076137433,0.6923034325383222
0.0,0.32380897853996066,-0.26490551599009177,0.6922094121943354
0.0,0.32398169882197614,-0.2647860345076449,0.6921126030980191
0.0,0.32415479927823654,-0.2646619118312795,0.692022992699245
0.0,0.32432259052413487,-0.26454364553251275,0.6919297951006691
0.0,0.3244938098165427,-0.26441920537130426,0.6918421217215435
0.0,0.324669252361913,-0.26429611816421805,0.6917449383279743
0.0,0.3248442526531531,-0.26417060810818666,0.6916539768643208
0.0,0.3250203826007018,-0.2640422351660173,0.6915598082200549
0.0,0.3251881194742908,-0.26392188834624225,0.6914672413089125
0.0,0.3253612892640704,-0.26379561940470275,0.6913779098135215
0.0,0.3255351202283944,-0.2636678742961208,0.6912803779541634
0.0,0.3257112608087732,-0.26353867669613085,0.6911902168468077
0.0,0.32588717613367935,-0.26341019696874796,0.6910953500453527
0.0,0.3260592433614497,-0.2632822468782413,0.6910077768350672
0.0,0.32623319454973293,-0.26315688541561394,0.6909161345246482
0.0,0.32640871476557287,-0.263028660477123,0.6908204589385725
0.0,0.32658220649206127,-0.2629023422380987,0.6907293607032208
0.0,0.3267572168912957,-0.26277219420989856,0.6906354377196645
0.0,0.3269271390823265,-0.26264762459692104,0.6905462532736394
0.0,0.3271008880615941,-0.26251809544285104,0.690452878714665
0.0,0.327274332193565,-0.26239054763780295,0.6903583650026983
0.0,0.32744582095499886,-0.2622633788829947,0.6902688490346334
0.0,0.3276179955416738,-0.2621339969289973,0.6901803984364158
0.0,0.3277868172489278,-0.2620138918312349,0.6900883089091959
0.0,0.3279595157197604,-0.2618845511854299,0.6899988799514245
0.0,0.32812760256215523,-0.26175876271552473,0.6899072885951127
0.0,0.3283008639084296,-0.26163238173119535,0.689814999307368
0.0,0.32847150838817596,-0.26150634042288234,0.689724931800027
0.0,0.32863926662200793,-0.26138431880889285,0.6896301581218024
0.0,0.32880659824999603,-0.2612585656835301,0.6895424492045922
0.0,0.32897591653648495,-0.2611341904470657,0.6894476461554048
0.0,0.3291440534674541,-0.261011714391908,0.689356611004599
0.0,0.3293127069485773,-0.26088889744105953,0.6892607346556732
0.0,0.32947902361738246,-0.26076148093783214,0.6891748391987809
0.0,0.3296458184986393,-0.26063901993380234,0.6890807781815831
0.0,0.3298083535539275,-0.2605171886192789,0.6889897313375447
0.0,0.3299716079719232,-0.2603964912567384,0.6889010005071969
0.0,0.3301389516087971,-0.2602738947051911,0.6888097536714965
0.0,0.3303075455651122,-0.26015007778134275,0.6887142214402013
0.0,0.3304684561943666,-0.2600302104411442,0.6886270174401004
0.0,0.3306328660146861,-0.2599067353881511,0.6885347510679103
0.0,0.33079445774749283,-0.259786784378523,0.6884468377631914
0.0,0.33096041753640504,-0.2596656084625867,0.6883511359418729
0.0,0.33112194944159545,-0.2595453807017198,0.688263258289995
0.0,0.3312840678937822,-0.2594240729818978,0.6881708737298622
0.0,0.3314451271528147,-0.2593023092644984,0.6880839025009652
0.0,0.33160559163797104,-0.25918159968740756,0.6879964412721029
0.0,0.3317716871444315,-0.2590603581640004,0.6878995676858386
0.0,0.33193450409466696,-0.25893926254967053,0.6878102077892508
0.0,0.3320928429633627,-0.2588196644549573,0.6877239193140033
0.0,0.3322542065893348,-0.25869945867163757,0.6876350794064036
0.0,0.33241203726672436,-0.2585806469804723,0.6875438623051238
0.0,0.33257304596423815,-0.2584575575597501,0.6874566454640171
0.0,0.3327347350713608,-0.2583350291220002,0.6873638635280505
0.0,0.33289548317716106,-0.2582153945233865,0.6872741983206635
0.0,0.3330559865876689,-0.25809417731914397,0.6871856959453324
0.0,0.3332183998151483,-0.25796984392056505,0.6871023205580411
0.0,0.33337913384717344,-0.25785126271077946,0.6870067806722323
0.0,0.33353899801372977,-0.2577321525214948,0.6869171279818389
0.0,0.33369940730262887,-0.2576132709618726,0.6868265845181992
0.0,0.33385813173045104,-0.25749170879342537,0.6867392227586487
0.0,0.3340235501534611,-0.2573634378616607,0.6866459815831661
0.0,0.3341837279296753,-0.2572413695740883,0.6865576343463261
0.0,0.3343461245573233,-0.25711616249353364,0.6864689988108837
0.0,0.3345021325113122,-0.25699455398539245,0.6863838470224568
0.0,0.33466870850885244,-0.2568663851508765,0.6862929130945242
0.0,0.33483053093626464,-0.25673799651269624,0.686206961048642
0.0,0.3349904534500787,-0.25661467512920605,0.6861227296319674
0.0,0.3351540180166781,-0.256486942721428,0.6860299978766731
0.0,0.3353167769297821,-0.25635964172072123,0.6859420788691497
0.0,0.3354784479276054,-0.25623303206137,0.6858588055360787
0.0,0.3356396378187842,-0.2561055059152292,0.6857676911698626
0.0,0.33580189921486775,-0.2559787885037782,0.6856832423926719
0.0,0.33596084870210513,-0.2558528045068218,0.6855971450884635
0.0,0.33612155694345386,-0.25572726700553594,0.6855089922601962
0.0,0.33628070247063346,-0.2556022691073093,0.6854213329919583
0.0,0.3364403427279157,-0.2554748613043611,0.6853352752776826
0.0,0.3366008155158887,-0.25534788330349234,0.6852520209911291
0.0,0.33675767425072034,-0.25522205217445915,0.6851674694007927
0.0,0.3369148530824362,-0.2550961333817752,0.6850824097612153
0.0,0.33707272829597584,-0.25497196751295625,0.6849950525431311
0.0,0.33722966753013217,-0.2548477771481279,0.6849084166941063
0.0,0.33738189531639523,-0.2547237942125962,0.684825956559919
0.0,0.3375400422814237,-0.25459750444330587,0.6847389468170155
0.0,0.33769611202008676,-0.25447406018539187,0.6846566107578398
0.0,0.3378511880623817,-0.25435097125810385,0.6845702145126055
0.0,0.33800769662522584,-0.254225340300968,0.6844886595987139
0.0,0.3381635059370505,-0.25410052481927814,0.6844072780614543
0.0,0.3383148345057125,-0.25397898024678156,0.6843189392895205
0.0,0.33846524439442993,-0.2538552077081694,0.6842418544433473
0.0,0.3386147524331247,-0.2537358411625423,0.6841580249942819
0.0,0.33876748019312025,-0.25361255379843217,0.6840730771615755
0.0,0.3389180768847255,-0.2534921446963619,0.6839926214515091
0.0,0.3390680371496879,-0.2533716136679928,0.6839080983441371
0.0,0.3392177828090746,-0.2532477612193182,0.6838262507047019
0.0,0.3393671426137675,-0.25312802814152385,0.6837505482972946
0.0,0.3395153815514269,-0.2530052443812226,0.683669348798964
0.0,0.33966425959023966,-0.2528840092216246,0.6835908805699815
0.0,0.3398135065407468,-0.2527606853946711,0.6835085028726422
0.0,0.3399621197324481,-0.2526388056232999,0.6834300131285043
0.0,0.340106614364704,-0.2525209143503868,0.683348124279625
0.0,0.3402537258430311,-0.25239819118903983,0.6832709614951472
0.0,0.3404023519373547,-0.2522758224084692,0.6831926833508499
0.0,0.3405469634441074,-0.25215849866159556,0.6831097693273811
0.0,0.3406961789202708,-0.2520366497888755,0.6830301840897168
0.0,0.3408436810087266,-0.2519135003290344,0.6829527818804019
0.0,0.34098846678028566,-0.2517924707205747,0.6828720018304495
0.0,0.3411304353192431,-0.25167237664617326,0.6827978623791082
0.0,0.34127458808878935,-0.2515526038310235,0.6827211320344531
0.0,0.34141716212504497,-0.2514305801854841,0.6826428672730955
0.0,0.34156032808910103,-0.2513083226918253,0.6825685094361658
0.0,0.34170168742169765,-0.25118584365440355,0.682491705739872
0.0,0.34184427191792294,-0.25106525387387624,0.6824164258373699
0.0,0.3419885490379173,-0.2509428190406584,0.6823411636109461
0.0,0.3421322072616093,-0.250823435084365,0.6822637872049289
0.0,0.34227831924745117,-0.250700474965108,0.6821865117483256
0.0,0.34242280647223783,-0.2505789524430533,0.6821094638702839
0.0,0.3425644353694815,-0.2504601864859875,0.6820338298009296
0.0,0.3427054769661486,-0.2503377828091698,0.6819608005215756
0.0,0.34284757473585736,-0.25021801926977083,0.6818848788286725
0.0,0.3429886429470783,-0.2500916555281045,0.6818142603965865
0.0,0.34313379366494723,-0.24996606462217358,0.6817389248522946
0.0,0.34327574465063576,-0.24984173393891593,0.6816658270128916
0.0,0.343420556503024,-0.2497138835349061,0.681592130607937
0.0,0.34356121887188856,-0.2495898232572129,0.6815195170955498
0.0,0.3437056159894265,-0.24946244801794157,0.6814501372560513
0.0,0.343848574631575,-0.24933551019762967,0.6813775191239008
0.0,0.3439929489656486,-0.24920821096166906,0.6813037951136892
0.0,0.3441355757813625,-0.2490846400847801,0.6812334888190986
0.0,0.3442807971168421,-0.24896001519768968,0.6811565602431111
0.0,0.3444226118153588,-0.2488351868202099,0.6810828830761686
0.0,0.3445635028126882,-0.24870976619514093,0.6810145833362665
0.0,0.3447084829911294,-0.2485802810061683,0.6809450482166817
0.0,0.34484971829095656,-0.2484600301038214,0.6808683464582322
0.0,0.3449928180672233,-0.24833410463277994,0.6807981311403024
0.0,0.34513435585057023,-0.24821090837675508,0.6807276093755888
0.0,0.3452770303767182,-0.24808445683664734,0.6806533121157224
0.0,0.3454182297535515,-0.24795956616504447,0.6805839740397199
0.0,0.34555580637044214,-0.24783825620035493,0.6805113907379939
0.0,0.34569534377694117,-0.24771505607574162,0.6804375393981228
0.0,0.3458390405973799,-0.24759076173011962,0.6803640931629069
0.0,0.34597905133001017,-0.24746784815949885,0.6802888366563614
0.0,0.3461185536778406,-0.24734661904338864,0.6802130377502505
0.0,0.3462546427017196,-0.24722736198564282,0.68014405556594
0.0,0.3463935070261249,-0.24710696174120134,0.6800725986014271
0.0,0.3465336363043703,-0.2469845243963752,0.6799967766495546
0.0,0.3466711144236321,-0.24686566729324533,0.6799211384094526
0.0,0.3468112442276663,-0.24674651302887013,0.6798430330916907
0.0,0.3469478100984064,-0.24662763010476052,0.6797725408719375
0.0,0.34708386770041194,-0.24650846632201218,0.6796981195956435
0.0,0.34721776345897615,-0.2463924548330188,0.6796280804359717
0.0,0.34735687790302844,-0.24627285722855857,0.679550598591562
0.0,0.3474920695337405,-0.24615327970299433,0.6794772175474176
0.0,0.3476295169995587,-0.24603576773948818,0.6793996422196343
0.0,0.3477630403572306,-0.2459195199069462,0.679325378561083
0.0,0.3478956468784808,-0.2458038958438891,0.6792512756164956
0.0,0.3480305949967232,-0.24568358706717647,0.6791785898407852
0.0,0.34816743434141884,-0.24556579093085584,0.6791016412364349
0.0,0.34830027714267636,-0.2454516988245109,0.6790257192096705
0.0,0.3484361588632983,-0.24533307771446533,0.6789498707433982
0.0,0.3485687812270717,-0.24521964468871543,0.6788737560776732
0.0,0.34870252584961053,-0.24510015997591122,0.6788004262268286
0.0,0.34883471673477195,-0.24498551327332846,0.6787206436540024
0.0,0.3489666785473174,-0.24487035678795782,0.6786505521305101
0.0,0.3491026740886775,-0.2447531654665761,0.6785689820809637
0.0,0.34923707564780304,-0.2446377808131105,0.6784963063906305
0.0,0.3493724121555477,-0.24451947654364642,0.6784200725436317
0.0,0.34950667095025023,-0.24440302427220498,0.6783388672632373
0.0,0.34964310887232364,-0.24428702623237866,0.6782596640313485
0.0,0.34977382955652164,-0.24417195451524468,0.6781853726478656
0.0,0.3499056070979706,-0.24405809120144117,0.6781090505333888
0.0,0.35003908268842604,-0.24394271606067622,0.6780277733405923
0.0,0.35017250757229806,-0.24382568472201305,0.6779518048670743
0.0,0.3503067330750707,-0.24370781034011157,0.6778751858360452
0.0,0.35043660807197574,-0.2435962273078668,0.677798786481122
0.0,0.3505688848772893,-0.24347911851971127,0.6777235636931753
0.0,0.35070355402516834,-0.24336391882522637,0.6776443649545758
0.0,0.3508379627411922,-0.24324710174454395,0.6775664059354729
0.0,0.3509719157053486,-0.24313137550366376,0.6774880974507137
0.0,0.35110502638410246,-0.24301614788127293,0.6774103295593423
0.0,0.35123454459132486,-0.24290292538249222,0.6773343790992672
0.0,0.3513654172688934,-0.24278764464309951,0.6772587187200235
0.0,0.351499860052514,-0.24267215402502246,0.6771745136229055
0.0,0.35163244647679087,-0.24255538160105522,0.6771016783783526
0.0,0.3517670890804443,-0.24243776349357854,0.6770231077466583
0.0,0.3519005680922267,-0.24232099985051264,0.6769449567487651
0.0,0.35203403745468237,-0.24220109882621615,0.6768688869089765
0.0,0.35216670930761124,-0.24208159817326974,0.67679338456029
0.0,0.35229949938904154,-0.2419618452005436,0.6767177138439278
0.0,0.35243310231193725,-0.24184065063207,0.6766420849961202
0.0,0.35256803084031874,-0.24172108094937345,0.6765638693640811
0.0,0.35269948106952403,-0.24160578567674154,0.6764864300167851
0.0,0.35283419434415336,-0.24148433910844172,0.67640950345691
0.0,0.3529677175669445,-0.24136384155993362,0.6763328102322
0.0,0.35310242278886667,-0.24124141433748106,0.6762560016795793
0.0,0.35323615455832286,-0.24112094747607377,0.6761792578912058
0.0,0.3533662570925681,-0.24100752088338134,0.6761010794006331
0.0,0.3534989862634823,-0.24088646112458817,0.6760258310553109
0.0,0.3536320853498697,-0.24076799223550527,0.6759524927244006
0.0,0.3537652591479316,-0.2406481765486756,0.6758709059519903
0.0,0.3538968623302009,-0.24052679863737222,0.6758011995988432
0.0,0.3540257893781485,-0.2404099270677873,0.6757220919268547
0.0,0.3541602831853702,-0.24029368870900505,0.6756453393640158
0.0,0.35429038071858987,-0.24017737051852078,0.6755684420891339
0.0,0.35442143190967634,-0.24006138708003105,0.6754902453092035
0.0,0.3545512548767908,-0.23994160929961045,0.6754158424074581
0.0,0.3546764049980239,-0.2398261638051705,0.6753435198069027
0.0,0.3548053294794059,-0.23970850052416637,0.6752682975268122
0.0,0.35493284767376004,-0.23959480780076275,0.6751921449315452
0.0,0.3550625720443669,-0.23947702581229818,0.6751160513155773
0.0,0.35519151437906266,-0.23936090211724076,0.6750395308707898
0.0,0.3553185943926508,-0.23924490968645454,0.6749649855526426
0.0,0.3554439308394504,-0.23913138547952767,0.6748900409770772
0.0,0.35557045454159664,-0.23901777487529471,0.6748138210705489
0.0,0.3556951550804426,-0.23890395414843169,0.6747440181107572
0.0,0.35582156851582264,-0.23879017466121089,0.6746674754206721
0.0,0.35594530298604,-0.23867904467174633,0.6745920371921036
0.0,0.3560708499029401,-0.23856451256526662,0.6745174562524363
0.0,0.3561942427264463,-0.2384525417900127,0.6744432609842842
0.0,0.35631570238114185,-0.23834142872776914,0.6743700622258938
0.0,0.3564387909406475,-0.23822832753502082,0.6742964543157558
0.0,0.35656028334467077,-0.2381181141460929,0.6742222561413623
0.0,0.3566845327185499,-0.23800389307913183,0.6741523289129563
0.0,0.3568101492832713,-0.23788963332081442,0.67407641696464
0.0,0.35693089700800945,-0.23777885377505045,0.6740030146658403
0.0,0.3570518967050775,-0.2376682273081954,0.6739290597625104
0.0,0.3571747748519308,-0.2375527045637159,0.673856302819698
0.0,0.35729578272303836,-0.23743991334937642,0.6737837704246594
0.0,0.35741493346238074,-0.23733036870717697,0.6737107994162896
0.0,0.3575357585334359,-0.2372185136096308,0.6736422779588368
0.0,0.35765877624995784,-0.23710776477849999,0.6735656602319082
0.0,0.357782373792328,-0.23699167761237003,0.6734920796925282
0.0,0.35790398783540056,-0.23687785498186892,0.6734189079287296
0.0,0.35802396009280557,-0.2367670536772556,0.6733455299087944
0.0,0.35814511937336085,-0.23665771868817806,0.673274280841293
0.0,0.3582673257228587,-0.23654404799668244,0.6731953638969794
0.0,0.35838961960583887,-0.23642773786125842,0.6731275768120242
0.0,0.35850981208261634,-0.23631663093485772,0.6730537666520815
0.0,0.35863020308287585,-0.23620321049436663,0.6729813169864121
0.0,0.3587464920358057,-0.2360953384190346,0.6729090092805996
0.0,0.35886664656263334,-0.23598236644170678,0.6728403953082406
0.0,0.3589866515756969,-0.23586783899652425,0.6727684253545524
0.0,0.3591067008591542,-0.2357575052911988,0.67269343034883
0.0,0.3592287871551026,-0.2356443295685355,0.6726230988405114
0.0,0.3593491373693777,-0.23552962461422258,0.6725510083690805
0.0,0.3594647079775409,-0.23541933405245766,0.6724852069727822
0.0,0.35958721247472947,-0.23530409334996027,0.6724105167651522
0.0,0.35970450715160274,-0.23519242632355364,0.6723391542533028
0.0,0.35982363602441597,-0.23508186467752687,0.6722695803246205
0.0,0.3599425226104809,-0.23496614747213512,0.6721988241387911
0.0,0.36006130082819987,-0.2348564519606735,0.6721284237745618
0.0,0.3601799674684274,-0.2347439286463282,0.6720554119569352
0.0,0.3602956423467131,-0.23463193760079068,0.6719900952058214
0.0,0.36041484633106796,-0.2345152110312798,0.6719192620494386
0.0,0.36053670005439514,-0.2343996760100305,0.6718501380420538
0.0,0.360654606791741,-0.23428841789615726,0.6717767961870006
0.0,0.36077408201424777,-0.23417466327781,0.671703652508774
0.0,0.3608930088741984,-0.23406072757901694,0.6716355769237042
0.0,0.3610122033531483,-0.23394621811668573,0.6715672811901641
0.0,0.36113314149227627,-0.2338240301159078,0.6714980265896886
0.0,0.3612471029232043,-0.23371622706888542,0.6714308450413856
0.0,0.36136702180116353,-0.23359851636310966,0.6713590385014988
0.0,0.36148732528979344,-0.2334817444442897,0.6712911198871231
0.0,0.36160588121570814,-0.23336650810853427,0.6712188948813965
0.0,0.3617230549034412,-0.23325120053385406,0.6711531195702722
0.0,0.3618387419596528,-0.23313829585540838,0.6710823111725011
0.0,0.3619562554816712,-0.23302476541537254,0.6710148478392887
0.0,0.3620723302804888,-0.23290789221314423,0.6709461443519422
0.0,0.3621869963579596,-0.23279570564565705,0.6708759219773635
0.0,0.36230515337954106,-0.23267876408208835,0.6708091933533348
0.0,0.362419549083507,-0.23256891827835868,0.6707420476181943
0.0,0.3625365929267005,-0.23245598087009028,0.670673716077449
0.0,0.3626537482068648,-0.23233896501034873,0.6706079788393711
0.0,0.36276701061614053,-0.23222792774712006,0.6705422175826423
0.0,0.3628804415654341,-0.23211557249532172,0.6704728309634868
0.0,0.3629910304631176,-0.23200750559673203,0.6704031972058672
0.0,0.36310310537300083,-0.2318955205460552,0.6703397495531783
0.0,0.3632161660571045,-0.23178395177058603,0.6702696298408412
0.0,0.3633287155515575,-0.23167347535048172,0.6702042223537245
0.0,0.3634423218236034,-0.2315624758626128,0.6701376530267826
0.0,0.36355428113272853,-0.23145079753748327,0.6700731790868565
0.0,0.3636664237411557,-0.23134209566198558,0.6700019911612473
0.0,0.36377716667437526,-0.23122979499433075,0.6699344893069602
0.0,0.363886330296444,-0.2311202839490623,0.6698714636439916
0.0,0.36399497595032604,-0.23101397126836148,0.6698063966419453
0.0,0.3641044093970979,-0.2309047442080686,0.6697383271666184
0.0,0.3642127768266692,-0.2307961360700474,0.6696751450556564
0.0,0.3643223616177322,-0.23068824290756784,0.6696055044507064
0.0,0.36442828497334884,-0.23058258802061896,0.6695424555293302
0.0,0.3645383778268314,-0.23047530990654178,0.6694761877109542
0.0,0.3646468337308001,-0.2303661275943192,0.6694130022109851
0.0,0.36475468511943493,-0.2302602375993926,0.6693480475921363
0.0,0.3648642328154525,-0.23015306614878522,0.6692771518614494
0.0,0.3649709617501955,-0.23004492358480766,0.6692150286506026
0.0,0.36507866932043864,-0.2299360485013422,0.6691473645167564
0.0,0.36518601143086105,-0.229827373727544,0.6690845105457073
0.0,0.36529379487574154,-0.2297172110894502,0.6690220241440252
0.0,0.36539936484867697,-0.2296098768179829,0.6689599879206667
0.0,0.3655083691928257,-0.22949775089738897,0.6688929486153656
0.0,0.3656138520002172,-0.22939152687551498,0.668829645133722
0.0,0.36571920502263283,-0.22928440637787761,0.6687627898067181
0.0,0.3658258077405574,-0.22917484382765893,0.6687005326256884
0.0,0.36593114155753403,-0.22906721455784795,0.6686384347284985
0.0,0.3660365615862117,-0.22896006190671495,0.6685758966681119
0.0,0.3661390625036353,-0.22884982199578308,0.6685185115818055
0.0,0.3662483393985083,-0.2287405612943404,0.6684529535719785
0.0,0.3663538167841538,-0.22863053805908448,0.6683873086949313
0.0,0.36646042185937994,-0.22852086194311969,0.6683246090953279
0.0,0.36656738462270166,-0.22841059544438394,0.6682621031209188
0.0,0.3666713557425378,-0.22830249815290551,0.6682014862267273
0.0,0.3667787150374049,-0.22819257075069457,0.6681380931547413
0.0,0.36688404480996084,-0.22807995044412124,0.6680781426688949
0.0,0.3669867796005706,-0.2279734091862648,0.6680171396344183
0.0,0.36709044176072564,-0.22786720445173136,0.6679546377271797
0.0,0.3671930762757764,-0.22775945533586364,0.6678950588076906
0.0,0.36729935423879323,-0.22765064418403305,0.6678315981212255
0.0,0.36740367408890806,-0.22754113845127877,0.6677707651184198
0.0,0.3675068024602713,-0.22743403685144747,0.6677093206154954
0.0,0.3676111885849872,-0.22732356777423912,0.6676485572076263
0.0,0.36771347382844116,-0.22721449796499232,0.6675894249040577
0.0,0.36781602496209087,-0.2271080833370594,0.6675279724785672
0.0,0.36791895596523405,-0.22699768182267,0.6674681722252831
0.0,0.3680185715890793,-0.2268924566125168,0.6674137027244829
0.0,0.36812242157989816,-0.22678374961422582,0.6673475179038559
0.0,0.36822470456855705,-0.22667598668224412,0.6672867307383927
0.0,0.36832755634310177,-0.22656764142983946,0.6672305566167108
0.0,0.3684283623413148,-0.22645955896140207,0.6671714595850384
0.0,0.3685288887667072,-0.2263537519766571,0.6671112005115718
0.0,0.3686306900116301,-0.22624642885556925,0.6670507803360014
0.0,0.3687351574639727,-0.2261345406519527,0.6669901365161991
0.0,0.3688366881759952,-0.2260277720884041,0.6669335859744007
0.0,0.36893883359049245,-0.22591689037098087,0.6668744603991792
0.0,0.3690407203559624,-0.22581077519149367,0.6668120235055369
0.0,0.3691428329791855,-0.2257014572096835,0.666756500937073
0.0,0.36924245776279957,-0.22559317410761417,0.6666982318003766
0.0,0.36934468979808793,-0.2254823459237559,0.6666390442773951
0.0,0.3694449114768911,-0.225374717097033,0.6665794599986489
0.0,0.3695446039812132,-0.22526522278070324,0.6665219989652259
0.0,0.3696465237157891,-0.2251551999743855,0.666461967164157
0.0,0.3697468629109544,-0.2250450828477641,0.6664040851045445
0.0,0.3698455771134546,-0.22493816484793944,0.6663454171296417
0.0,0.36994594057547375,-0.22483225878278926,0.6662841910598345
0.0,0.3700458504316654,-0.22472441456860845,0.6662246706168407
0.0,0.3701434946077978,-0.22461619633925486,0.6661723086267709
0.0,0.37024422793602546,-0.22450808717170262,0.6661117238313055
0.0,0.3703425978254922,-0.22439928068687093,0.6660542486200096
0.0,0.37044193340318,-0.22429261805474504,0.6659944441929624
0.0,0.3705393562989095,-0.22418777699775616,0.6659352026731747
0.0,0.37063831129197394,-0.22408154712036207,0.6658751768032374
0.0,0.3707373595462877,-0.2239733123600925,0.6658117631906312
0.0,0.3708359307778187,-0.22387053076027943,0.6657539009356028
0.0,0.3709332127930504,-0.22376473473728348,0.6656951657072012
0.0,0.37102915854911017,-0.2236611536901518,0.6656364771618376
0.0,0.3711255050205417,-0.22355607085131424,0.6655781024498482
0.0,0.371223741685623,-0.22344966623898654,0.6655182588177371
0.0,0.3713199913454843,-0.22334783875571596,0.6654575445798675
0.0,0.3714177536065786,-0.22324516259011387,0.6654006452336612
0.0,0.3715151785354399,-0.22314195426857214,0.6653349839090162
0.0,0.3716112366399939,-0.22304214132718975,0.6652734460439388
0.0,0.37170878314348466,-0.22293447134620503,0.6652150928345288
0.0,0.3718039768939918,-0.22283440379024733,0.6651588250377894
0.0,0.37189896603177885,-0.22273102024762947,0.6650959229329579
0.0,0.3719926314630087,-0.22262825492612734,0.6650385298644311
0.0,0.37208560575588917,-0.2225285623280636,0.6649796941247375
0.0,0.3721844107081201,-0.2224253701874619,0.6649165690065748
0.0,0.37227897442983027,-0.2223220438077403,0.6648581286677625
0.0,0.3723737393513694,-0.22222017318272874,0.6647980945172247
0.0,0.372465701085875,-0.22212382082639062,0.664738237964967
0.0,0.37256031275864415,-0.22202347426240487,0.664673028270443
0.0,0.3726550599326889,-0.2219240213195442,0.6646115420634299
0.0,0.3727517627564314,-0.22181722897368195,0.6645526987463434
0.0,0.37284435485114475,-0.2217159891554082,0.6644944837566168
0.0,0.3729385957543269,-0.2216172222687733,0.6644282349031021
0.0,0.3730329681655378,-0.22151655607341889,0.6643725747606098
0.0,0.37312741376750524,-0.2214172412738521,0.664306204230486
0.0,0.373223214185098,-0.2213134433190774,0.6642458109990533
0.0,0.3733183678350732,-0.2212110679946023,0.6641895003203113
0.0,0.3734131573987007,-0.2211089382051885,0.6641245891040368
0.0,0.3735024631870657,-0.22101060519535418,0.6640678989500788
0.0,0.37359463503199236,-0.22091120383695637,0.6640080922665267
0.0,0.373689490727289,-0.22080540216639452,0.6639456708363101
0.0,0.3737823866193328,-0.22070647911990618,0.6638846203315258
0.0,0.37388011262020404,-0.2206018043829957,0.663821998307777
0.0,0.3739727662222528,-0.2205025478231629,0.6637617779682538
0.0,0.3740667214167508,-0.22040139038211948,0.6637059006940513
0.0,0.3741597595732285,-0.2203046686809439,0.66363845236517
0.0,0.3742548930916977,-0.2202007232929509,0.6635778734151597
0.0,0.37434924037407796,-0.2200979992329054,0.6635168281779041
0.0,0.3744425470413058,-0.21999579601999242,0.6634574591060635
0.0,0.37453162129434237,-0.2198995330672314,0.6633938926416703
0.0,0.37462558714167826,-0.21979723104337126,0.6633333232610256
0.0,0.3747190834701731,-0.21969630766200687,0.663272299626688
0.0,0.37481336095966206,-0.21959593452485446,0.6632099544382623
0.0,0.3749080258560118,-0.2194934391833125,0.6631485106655165
0.0,0.3749963261509186,-0.21939917207298265,0.6630887875594395
0.0,0.37508796830731717,-0.2192990760764117,0.6630295500285399
0.0,0.37517947930781326,-0.21920185199135372,0.6629633594227151
0.0,0.37527241043890036,-0.21910248580483663,0.6629058976669439
0.0,0.37536610806557397,-0.2190019247044415,0.6628392997921139
0.0,0.3754577273165277,-0.21890727004375699,0.6627801287486055
0.0,0.37555037048568357,-0.21880886268436311,0.662717380593155
0.0,0.375644311378735,-0.21870942106582245,0.6626541550270426
0.0,0.3757378509187274,-0.21860989054793084,0.6625910237669127
0.0,0.37582818326995254,-0.21851332721140015,0.6625297771719922
0.0,0.3759181878936165,-0.2184164873005205,0.6624691126552399
0.0,0.3760049847801501,-0.218321207253959,0.6624062588665645
0.0,0.37609626645762284,-0.21822185912572115,0.6623503631286667
0.0,0.37618455363139547,-0.2181304488392669,0.6622830271445926
0.0,0.37627491266820023,-0.2180325947019345,0.662222252768757
0.0,0.3763643094023372,-0.21793495597701756,0.6621622268673267
0.0,0.37645452962813813,-0.21784030426535783,0.6621040877035732
0.0,0.37654055045219026,-0.21774918159886886,0.6620438977946331
0.0,0.37663163977949055,-0.2176516120012997,0.661981579020162
0.0,0.37672184403872344,-0.21755079994641097,0.6619222625734882
0.0,0.3768097125082235,-0.21745350771429123,0.6618589712978394
0.0,0.3768979504278075,-0.21735929941359894,0.6617977941184999
0.0,0.37698862253654897,-0.21726140972901536,0.6617361960784591
0.0,0.3770760285183684,-0.21716650023480802,0.6616759868491637
0.0,0.377167413309171,-0.21706855197673752,0.6616134195770049
0.0,0.37725706311361307,-0.2169688630732064,0.6615586910805916
0.0,0.3773455544225613,-0.21687116479409085,0.6614945350548687
0.0,0.37743373570681943,-0.2167758351298449,0.6614338419955622
0.0,0.37751838761605844,-0.21668267621308782,0.6613804776330319
0.0,0.377609204231232,-0.21658190475174363,0.6613153632825352
0.0,0.3776986774661882,-0.21648134911419004,0.6612560580719316
0.0,0.3777855338556065,-0.2163878871399935,0.6611949620462754
0.0,0.3778743163356144,-0.2162884515525604,0.6611364103710694
0.0,0.37796113999231024,-0.2161935494102573,0.6610762966685326
0.0,0.37804599846328335,-0.2160980921550228,0.6610188651380274
0.0,0.378134870630372,-0.21599754279108063,0.6609555671952142
0.0,0.3782210988085648,-0.21590020341492044,0.6608977311587008
0.0,0.3783062384345258,-0.2158026906732059,0.6608415263472415
0.0,0.37839272677577657,-0.21570531831709647,0.6607833478381302
0.0,0.3784783984579456,-0.21561131019106394,0.6607238967100009
0.0,0.3785634652245696,-0.21551634218774163,0.6606656252399591
0.0,0.3786498097388712,-0.21541891197232352,0.6606068794411056
0.0,0.3787363940696856,-0.21532351855210802,0.6605515788258368
0.0,0.3788220056807205,-0.2152279897474247,0.6604882350528181
0.0,0.3789042840308111,-0.21513269601295026,0.6604378198826404
0.0,0.37899015421571813,-0.21503438697915794,0.6603754074050515
0.0,0.3790721397676566,-0.21493897862320482,0.6603207191997287
0.0,0.379157580119884,-0.2148432796009465,0.6602617781266007
0.0,0.37924057942038514,-0.214749797666473,0.6602044431318286
0.0,0.3793253216974508,-0.21465378780238215,0.6601467177225584
0.0,0.3794084501875925,-0.21456055703644328,0.6600935842939282
0.0,0.3794945195858262,-0.21446461271884196,0.6600336529863193
0.0,0.3795803712435024,-0.21436569625531243,0.6599758008318156
0.0,0.37966429571859195,-0.2142694596823616,0.6599236574226273
0.0,0.37974468698072655,-0.21417614590656453,0.6598688277833183
0.0,0.37982894293244035,-0.21408052651267095,0.6598106979310997
0.0,0.3799094198520575,-0.21398697022184163,0.6597559337839051
0.0,0.37999398948108337,-0.21389051302404957,0.6597025683176612
0.0,0.3800751562295997,-0.21379680459345998,0.659646896860608
0.0,0.3801582478964063,-0.21370149647909983,0.6595943521834235
0.0,0.38023984171246666,-0.21361092383748753,0.6595364011565947
0.0,0.38032344664292833,-0.21351393489449094,0.659479894104902
0.0,0.38040390517625744,-0.21341977183794766,0.659425055464418
0.0,0.3804870262663333,-0.21332473089938414,0.6593674274131904
0.0,0.38056741378574444,-0.21322991090804805,0.6593131972335994
0.0,0.38064869304418664,-0.21313398893509777,0.6592632045913107
0.0,0.3807296307701736,-0.213037947037521,0.659208655250694
0.0,0.38081004406037045,-0.21294410542057962,0.6591580811252536
0.0,0.38089402031117764,-0.2128463704209199,0.6591053276529525
0.0,0.3809726211760214,-0.21275635177733696,0.6590542942815184
0.0,0.3810548304640825,-0.21266100688012193,0.6589974035225636
0.0,0.38113544946497196,-0.21256521784314833,0.6589474634393396
0.0,0.3812164751349912,-0.2124691918925341,0.6588927287054288
0.0,0.3815344768934493,-0.21208713313665667,0.658687503301342
0.0,0.3816161257844094,-0.2119908724376386,0.658636416675995
0.0,0.3816965781773017,-0.2118980421538414,0.658584352328583
0.0,0.3817764540011789,-0.21180219563197708,0.6585351643866998
0.0,0.38185871142804667,-0.21170708759172074,0.6584818494206444
0.0,0.38193750054482606,-0.21161094900253546,0.6584292073994509
0.0,0.38201449337011395,-0.21152270155068226,0.6583774990698291
0.0,0.3820965839252588,-0.21142438739334807,0.6583265577754994
0.0,0.38217335005627023,-0.21132690108519592,0.6582762643460338
0.0,0.3822506554351997,-0.2112338238880234,0.6582275208372014
0.0,0.3823280642861455,-0.21113848240120658,0.6581804263757881
0.0,0.382405467159321,-0.21104642953693337,0.6581311203949239
0.0,0.3824845052768483,-0.2109518762882524,0.6580807240292221
0.0,0.382562446786279,-0.2108565728014978,0.6580276814917299
0.0,0.38263929434086447,-0.21076317632656869,0.6579793271404752
0.0,0.3827158676549004,-0.2106722219051938,0.6579298413245853
0.0,0.3827916473888726,-0.21057790870686338,0.6578786317376435
0.0,0.3828664415806252,-0.2104886958487804,0.6578301520735165
0.0,0.382941664353446,-0.2103973699269006,0.6577822543732953
0.0,0.3830166347815071,-0.2103042630437194,0.6577306780103342
0.0,0.38309318850302276,-0.210211580373182,0.6576818956386081
0.0,0.3831698823805878,-0.2101192854148864,0.6576374628462044
0.0,0.38324355502535373,-0.21002970180386768,0.657589882435145
0.0,0.38332001896031337,-0.20993902530317665,0.6575397542022825
0.0,0.3833958086977002,-0.20984747530811326,0.6574864084102207
0.0,0.3834684836516721,-0.20975753998397745,0.6574400850671502
0.0,0.38354299388473484,-0.20966412895710024,0.6573939717598563
0.0,0.3836158473663108,-0.20957781917083754,0.6573454408769999
0.0,0.3836911148703293,-0.20948558469447354,0.6572975112056079
0.0,0.38376218741452806,-0.20939825497170997,0.6572465952459999
0.0,0.38383404949872246,-0.2093093765958318,0.6572002485974342
0.0,0.38390724641324664,-0.20922077337047748,0.657152217390847
0.0,0.38398144475339563,-0.2091301264240669,0.6571044823720926
0.0,0.3840545351434343,-0.20904013935185733,0.6570573729128764
0.0,0.38412828992601866,-0.20895159336313374,0.657003590551322
0.0,0.3842004471196224,-0.20886391918829156,0.6569609778036947
0.0,0.38427437271041426,-0.20877767836150876,0.6569057318941404
0.0,0.38434721681599404,-0.2086878259707875,0.6568633716919379
0.0,0.3844217153469171,-0.20859553879826662,0.6568110913753666
0.0,0.38449229308281485,-0.20850983294365205,0.656764238834833
0.0,0.384566030601752,-0.20841870506081606,0.6567164933816353
0.0,0.3846390329957524,-0.20832555276162354,0.6566709354472429
0.0,0.3847075860625619,-0.20823794720925648,0.656627400745837
0.0,0.3847815387615071,-0.2081462456027103,0.6565795611817679
0.0,0.3848574408770837,-0.20805230191991442,0.6565360112347912
0.0,0.3849297387381521,-0.20796289423447883,0.6564889485578181
0.0,0.3850020243403264,-0.2078713547691396,0.6564428997716647
0.0,0.38507594662995154,-0.20778137118683773,0.6563937929103018
0.0,0.38514748303575025,-0.2076938610240343,0.6563463944404958
0.0,0.3852209505648775,-0.2076025949477666,0.656298676577739
0.0,0.3852918652780103,-0.20751195164603525,0.6562536126646763
0.0,0.3853656581071094,-0.20742064924445439,0.6562056938339916
0.0,0.3854383675632419,-0.2073285554279049,0.6561594944457015
0.0,0.38551161980074977,-0.2072372817693117,0.6561120414883927
0.0,0.3855852074244147,-0.2071474232592445,0.6560627869485448
0.0,0.385656108297448,-0.20705845326351474,0.6560209011436482
0.0,0.3857280583443093,-0.20696881773669856,0.6559781429950697
0.0,0.38580279848110205,-0.2068751761006013,0.6559254528479015
0.0,0.3858727982788875,-0.20678835928468614,0.6558783414742763
0.0,0.38594459889907007,-0.20669466237465361,0.6558337897294106
0.0,0.3860162729335257,-0.20660527572436269,0.6557863798458675
0.0,0.38608630919851733,-0.20651613067631142,0.6557409277409224
0.0,0.3861583774078964,-0.20642510247716517,0.6556939099243209
0.0,0.386229247883063,-0.20633838349287117,0.6556502759632862
0.0,0.38630043773417333,-0.20624817610772914,0.655608383856725
0.0,0.38637228433065446,-0.20615930725323556,0.6555552301355271
0.0,0.38644325574361343,-0.20607009982409033,0.6555132497532848
0.0,0.38651566254214786,-0.2059800981974038,0.6554649301573653
0.0,0.38658570242740015,-0.20589246560513083,0.6554180694314133
0.0,0.3866563425226057,-0.20580366757139076,0.655371357180705
0.0,0.3867295898157718,-0.2057125243281999,0.6553226438752511
0.0,0.3868006851138804,-0.20562610374579454,0.6552781187796447
0.0,0.3868698208069873,-0.20553987501372933,0.6552309876981244
0.0,0.386940433599698,-0.205452733609369,0.6551825586941625
0.0,0.3870119717236534,-0.20536319464273164,0.6551392617713373
0.0,0.38708040288320295,-0.20527466364565342,0.655094338305886
0.0,0.3871477123293018,-0.2051874671966109,0.6550495145822673
0.0,0.3872210180745904,-0.20509644804638327,0.6550003458188481
0.0,0.3872882890873601,-0.20501066435267723,0.6549596950766903
0.0,0.3873587208198177,-0.2049235725007809,0.6549112665007597
0.0,0.38742793753540056,-0.20483666513616386,0.6548644591240365
0.0,0.3874981114295135,-0.20474993129642,0.6548208479801164
0.0,0.38756715336355557,-0.20466384456302975,0.6547732549215932
0.0,0.38763627328469175,-0.20457620384196185,0.6547266328433292
0.0,0.38770468468120245,-0.20449118977170894,0.6546791797270347
0.0,0.3877744096996146,-0.20440503979796576,0.6546355893700435
0.0,0.3878414741886938,-0.20431900756731164,0.6545902579465892
0.0,0.38797948879081745,-0.20414426238795744,0.6545015401083305
0.0,0.3880493165218048,-0.2040583053072192,0.6544574643879324
0.0,0.3881166185205649,-0.2039750780669664,0.6544098896768216
0.0,0.3881862734331711,-0.20389079607711874,0.6543649327536393
0.0,0.3882535281225402,-0.2038046739391025,0.6543191040596076
0.0,0.3883237628615802,-0.20371834799180458,0.6542697586617012
0.0,0.3883922878965852,-0.20363600053585365,0.6542246866500258
0.0,0.388458192964974,-0.203551009044171,0.6541799640323354
0.0,0.38852555270295286,-0.2034672348149402,0.6541324367153203
0.0,0.38859403443343205,-0.20338063178510357,0.6540902769687726
0.0,0.3886617271453282,-0.20329192648122818,0.654045552048674
0.0,0.3887302412504271,-0.20320570644271058,0.6540026996060447
0.0,0.3887962713353391,-0.20312208397347992,0.6539564207078562
0.0,0.3888602038690319,-0.20304254952582057,0.6539100852653489
0.0,0.38892856704224743,-0.20295707195747267,0.6538624522503119
0.0,0.38899567174633126,-0.2028712727100192,0.6538209005436658
0.0,0.3890638258464938,-0.20278605018483242,0.6537727962039211
0.0,0.3891300877589255,-0.2027016340429374,0.653726847536231
0.0,0.38919835208070824,-0.2026187653883128,0.653676972737051
0.0,0.3892628179064482,-0.2025363585722803,0.653635926046986
0.0,0.3893298204121526,-0.20245092403436082,0.6535888876875403
0.0,0.38939498540333006,-0.20236918566662065,0.6535468108252528
0.0,0.38945943845967634,-0.20228583377124743,0.6535017316321737
0.0,0.3895249215796508,-0.202201130927371,0.6534562115693456
0.0,0.3895900383618076,-0.20211848721399506,0.6534098567229173
0.0,0.38965662981161125,-0.20203439188843228,0.6533673688688488
0.0,0.38972085360740444,-0.20195406922135228,0.653320584559905
0.0,0.3897859419221438,-0.20187058240677946,0.6532744411764346
0.0,0.3898513888488745,-0.201787141665031,0.6532329013739413
0.0,0.3899175150225884,-0.2017049979245291,0.6531848567489305
0.0,0.3899809942387602,-0.20162585571567382,0.6531380427874988
0.0,0.3900453995078712,-0.2015434242684802,0.6530921322136416
0.0,0.3901099515367348,-0.20146202231676744,0.6530454761547989
0.0,0.39017255222571445,-0.20138372888492895,0.6529988799101636
0.0,0.39023445238050125,-0.20130318954800439,0.6529548658212306
0.0,0.390298841017433,-0.20122342845844945,0.6529113440189344
0.0,0.39036215665547325,-0.2011413904609275,0.6528663757304511
0.0,0.39042641732918076,-0.20105879224172477,0.6528204739291388
0.0,0.390488308128363,-0.20098291933311419,0.6527730143012658
0.0,0.3905507556374985,-0.200903942410192,0.6527314755433018
0.0,0.39061402830023456,-0.20082453023099373,0.652684721483165
0.0,0.3906743550384108,-0.20074527732011535,0.6526414286851248
0.0,0.3907374822536513,-0.20066678592959777,0.6525939356396665
0.0,0.39079994528226025,-0.20058744665833117,0.6525479173150538
0.0,0.39086154714231564,-0.2005082230566962,0.6525024573974993
0.0,0.39092345578977244,-0.2004270076818487,0.6524582479688622
0.0,0.39098313795697026,-0.20034816746383052,0.6524200964828744
0.0,0.3910457526406358,-0.20026964977367734,0.6523733160984121
0.0,0.39110413538205735,-0.20019380897712755,0.6523296796298188
0.0,0.3911671119414629,-0.2001103789248407,0.6522900922056374
0.0,0.39122636884359185,-0.2000362121903835,0.6522446168623482
0.0,0.3912876437190071,-0.19995721320220206,0.6521992762106192
0.0,0.39134838992637866,-0.19987999847782834,0.6521538429227589
0.0,0.39140952003818386,-0.19980133947659923,0.6521134263547905
0.0,0.3914718284652128,-0.19972086371158396,0.6520676601589113
0.0,0.39153470334816326,-0.19964356322353752,0.6520243005462484
0.0,0.39159334460109657,-0.19956598414340554,0.6519814383626219
0.0,0.3916529133538099,-0.1994879597215259,0.6519373270237843
0.0,0.39171390456218386,-0.19940693550338867,0.6518932156491698
0.0,0.3917748734410358,-0.19932469798910768,0.6518550742490358
0.0,0.39183603621815605,-0.19924322628336877,0.6518110165097151
0.0,0.39189518030464704,-0.19916532733095046,0.651772362578556
0.0,0.3919564763431052,-0.19908414828840384,0.6517278518096783
0.0,0.3920196674618516,-0.1990027482368848,0.6516810783176392
0.0,0.39208263247014763,-0.19892051383184717,0.6516399668636456
0.0,0.39214099787409235,-0.1988437247011574,0.651596589853608
0.0,0.3922038757622902,-0.19876147353765555,0.6515554275444061
0.0,0.3923277170528207,-0.19860123484311085,0.651467963732566
0.0,0.3923917642655298,-0.19851570318269623,0.6514272888968652
0.0,0.392451506088458,-0.19843789504657797,0.651382251367626
0.0,0.3925131545432273,-0.19835618275618266,0.6513374126243142
0.0,0.3925719629673822,-0.19827529861158508,0.6513001836233758
0.0,0.39263410627581313,-0.19819251381106223,0.65125555544509
0.0,0.392695511733831,-0.1981106141068942,0.6512157721196878
0.0,0.39275790243942127,-0.19803083615621847,0.6511731986107666
0.0,0.39281698465217896,-0.1979504465663065,0.6511304189934193
0.0,0.3928788682315425,-0.19786724014842802,0.6510905594900961
0.0,0.39294052812525615,-0.19778731515648135,0.651048635839684
0.0,0.393000641888267,-0.19770619987374205,0.651009647632359
0.0,0.39306051228598976,-0.19762550172515106,0.650970540865408
0.0,0.3931232764320519,-0.1975446896838845,0.6509280438221237
0.0,0.3931825938921592,-0.19746418110987318,0.6508847607176738
0.0,0.3932438652719778,-0.19738197233338456,0.6508448701684334
0.0,0.39330198185820753,-0.19730104504437662,0.6508080807633796
0.0,0.39336117972508067,-0.19721859924139784,0.6507708288061593
0.0,0.39342228201006046,-0.1971372087055458,0.6507302969987486
0.0,0.39348107861892323,-0.1970573368872558,0.6506869539917917
0.0,0.39353927440714104,-0.19697961992039698,0.6506479920975072
0.0,0.3936017705206252,-0.19689808298227873,0.6506062028565555
0.0,0.39366289334612503,-0.1968164329008271,0.6505658862940664
0.0,0.39372170612881385,-0.1967343576367845,0.6505288134644711
0.0,0.3937804435341139,-0.19665662387058438,0.6504889542853507
0.0,0.3938383315120112,-0.19658048812933207,0.6504447417377383
0.0,0.39390112873577116,-0.19650156852255168,0.6504001857981977
0.0,0.3939583550885465,-0.1964188511297867,0.6503650873673693
0.0,0.39401705653116603,-0.1963374539584132,0.6503274586411611
0.0,0.39407586736455175,-0.19625926900746932,0.6502875474294456
0.0,0.39413345370382197,-0.19618160113646618,0.6502537565203723
0.0,0.3941897004963588,-0.19610130352325453,0.6502140362178604
0.0,0.39424937027152335,-0.19601999817516316,0.6501794827472911
0.0,0.3943040997959757,-0.19594485267548678,0.650137948772205
0.0,0.39436379019892814,-0.19586543542422424,0.6500976532000043
0.0,0.3944235959906529,-0.19578649909146756,0.6500569114743835
0.0,0.3944820071360035,-0.1957073950875433,0.6500179106171927
0.0,0.39454128267242705,-0.19563008898902845,0.6499767504074973
0.0,0.3945998913066847,-0.19555192020001838,0.6499370545359657
0.0,0.39465681069390096,-0.1954741764187422,0.6498989350896589
0.0,0.3947138836137718,-0.1953968747853726,0.6498604101863681
0.0,0.394769649827242,-0.19532215574679535,0.6498218255454977
0.0,0.39482578604381446,-0.19524086830426668,0.6497867956938758
0.0,0.3948806572632664,-0.19516420033417878,0.6497503382879098
0.0,0.394936815690268,-0.19508781971214773,0.6497121897354762
0.0,0.3949938027368324,-0.19500583696649082,0.6496714924270639
0.0,0.3950484448777275,-0.19492952075845515,0.6496351587113725
0.0,0.3951061455848084,-0.1948526338462518,0.6495952343927034
0.0,0.3951613988574924,-0.1947763626941204,0.6495579210477567
0.0,0.39521861748745,-0.19470249188274763,0.6495162913565419
0.0,0.39527453255266415,-0.1946235684855422,0.6494845898187639
0.0,0.3953320183265813,-0.19454763422316868,0.6494441820267853
0.0,0.3953863132262894,-0.1944714810763623,0.6494027585586386
0.0,0.3954455015418236,-0.19439129110582148,0.6493628626616986
0.0,0.3955009521823432,-0.1943165985793628,0.6493240585382417
0.0,0.3955548094938671,-0.19424004050910523,0.6492885900667392
0.0,0.3956106627498693,-0.1941621644329976,0.6492513711883857
0.0,0.39566323166877315,-0.19408604048883654,0.6492171527730666
0.0,0.39572078040900155,-0.1940067343911767,0.6491785615926791
0.0,0.39577231844010935,-0.1939325633394308,0.6491443716961158
0.0,0.39583013508369924,-0.19385334345184102,0.6491053244812888
0.0,0.39588502039134393,-0.1937779453512214,0.6490677557877047
0.0,0.3959393780860506,-0.193703339443355,0.6490250668487083
0.0,0.3959948817325424,-0.19362749125094375,0.6489916288406468
0.0,0.39605079596944254,-0.19355316433132985,0.6489470132524257
0.0,0.3961055129339487,-0.19347853649962668,0.648908745015206
0.0,0.3961596421504264,-0.19340077241666326,0.6488731022250691
0.0,0.3962147421090239,-0.19332666790193345,0.6488340307956058
0.0,0.3962679351057117,-0.19325284198280734,0.6487970569336908
0.0,0.3963217656811106,-0.19317550458919577,0.648761109040589
0.0,0.3964799730680792,-0.19295543701247184,0.6486453015106676
0.0,0.39653378073338486,-0.1928793896597415,0.6486087893701317
0.0,0.3965880712169071,-0.19280512343165598,0.6485704574605959
0.0,0.3966422860673978,-0.19272817270747497,0.6485337230884879
0.0,0.3966956925355685,-0.19265577905286954,0.6484954502428317
0.0,0.3967484964678498,-0.19258381340519465,0.6484575814778758
0.0,0.396804135235315,-0.19251090741686078,0.6484163681265379
0.0,0.3968569871408413,-0.19243729620515476,0.6483794439123086
0.0,0.39690962650147454,-0.19236671384824267,0.6483356663555326
0.0,0.3969633340071482,-0.19229045188529875,0.6482990965243812
0.0,0.3970142198806912,-0.19222071845012673,0.6482618381945046
0.0,0.3970649596966689,-0.19214761811106762,0.6482267570184508
0.0,0.39711760479455893,-0.19207411092625368,0.648189847282164
0.0,0.3971680510505517,-0.19200512385988194,0.6481525401530043
0.0,0.3972172358574507,-0.19193265166946602,0.6481140254826306
0.0,0.3972665559848284,-0.1918644552138396,0.6480775696804802
0.0,0.39731651494999753,-0.1917941656578454,0.6480418158762693
0.0,0.39736875203554944,-0.19172111689858984,0.6480045175654006
0.0,0.3974186685065577,-0.1916510533901848,0.6479731955547268
0.0,0.39747073107306397,-0.19158253092610056,0.6479281499041535
0.0,0.3975218281795815,-0.19150959749830193,0.6478921630749637
0.0,0.39757291015992424,-0.1914418527414635,0.6478530420767473
0.0,0.39762394507249554,-0.19136754072111178,0.6478182980171793
0.0,0.39767358225539395,-0.19130349474093877,0.6477786977990905
0.0,0.3977231665586791,-0.19123114006167827,0.6477392265815659
0.0,0.3977737859757884,-0.1911619457511538,0.6477014896144153
0.0,0.39782195338176896,-0.19109429744697976,0.6476658237391247
0.0,0.3978739890548002,-0.19102198159577724,0.6476279808648469
0.0,0.39792019099791653,-0.19095325353504156,0.6475954024122418
0.0,0.3979703885063867,-0.19088231193523444,0.6475542480671105
0.0,0.3980195699335988,-0.19081014288402917,0.6475199341657653
0.0,0.39806788169346496,-0.19074107721875566,0.647484748639842
0.0,0.3981168498029639,-0.1906743965435169,0.6474473523625283
0.0,0.3981662518428376,-0.19060743380644019,0.6474096132722208
0.0,0.3982175812490193,-0.19053550008763873,0.6473722948046327
0.0,0.39826567040579736,-0.19046976075914732,0.647335423133247
0.0,0.3983172435670309,-0.190400256776134,0.6472962670120325
0.0,0.39836804210551635,-0.19032937723778612,0.647258866053983
0.0,0.3984154171720614,-0.19026122372365298,0.6472240954509835
0.0,0.3984659766961844,-0.19019121831508878,0.6471815060719663
0.0,0.39851481013477585,-0.1901224514880937,0.6471501409858542
0.0,0.3985619592389389,-0.19005441847872281,0.6471105663218827
0.0,0.3986118619925347,-0.18998393582043885,0.6470787986761011
0.0,0.398658503886355,-0.1899146795257552,0.6470405539193972
0.0,0.39870898294910784,-0.18984260693641275,0.64700405272263
0.0,0.3987565436196308,-0.18977014951358356,0.6469715237430197
0.0,0.39880600447076103,-0.18970096340991344,0.6469344835327926
0.0,0.39885757614367523,-0.18962428208697746,0.6468993547828936
0.0,0.3989054373539369,-0.18955715399874193,0.6468678034817873
0.0,0.398957817018951,-0.18948526457525613,0.6468286640374917
0.0,0.39900809898448697,-0.18941343480124978,0.6467921257485088
0.0,0.39905623037952953,-0.1893430464562587,0.6467569151955571
0.0,0.39910570721201666,-0.18927132276784875,0.6467213113461923
0.0,0.3991549110872228,-0.18919790453988497,0.6466868308874286
0.0,0.39920448772235706,-0.18912507796319467,0.6466515215173261
0.0,0.3992532303876721,-0.18905398881439175,0.6466160308474204
0.0,0.39930366831433584,-0.18898141872531293,0.6465794752056062
0.0,0.39935182499504457,-0.18891007475926622,0.6465449214082964
0.0,0.39940322675585443,-0.18883682114695463,0.6465074607876994
0.0,0.39945089991600946,-0.18876880795164486,0.6464762223273333
0.0,0.3994991094492252,-0.18869636848266674,0.6464420224849281
0.0,0.3995472708337702,-0.18862410378055083,0.646408426592452
0.0,0.39959860564653227,-0.18854929039616727,0.6463715207055115
0.0,0.3996471607284625,-0.188476725088227,0.6463371618701524
0.0,0.3996964051791322,-0.18840411036988217,0.6463019561758224
0.0,0.39974600397359866,-0.18833137299645542,0.6462662189213133
0.0,0.39979341461556006,-0.18826335557905102,0.6462304398776262
0.0,0.3998441446349928,-0.18819180038891958,0.6461924916217181
0.0,0.39989213208155705,-0.18812343562171246,0.6461605743042491
0.0,0.3999391231220545,-0.18805390446449308,0.6461260983173635
0.0,0.39998892837833777,-0.18798059270343612,0.6460903328104035
0.0,0.40003731467996856,-0.1879080723910531,0.6460559384327366
0.0,0.4000864184075772,-0.18783686478123368,0.6460194888876635
0.0,0.4001335822627707,-0.18776545254671165,0.6459859673553089
0.0,0.40022956443931934,-0.18762617610059829,0.6459144436818886
0.0,0.400277215965916,-0.18755673147533933,0.6458838072054872
0.0,0.40032409379561706,-0.18748562029813942,0.6458499477352617
0.0,0.4003696216562131,-0.18741930662445122,0.6458099260256093
0.0,0.4004156294136642,-0.18735223625103714,0.6457749668218871
0.0,0.4004621700994639,-0.1872812539380059,0.6457463102202317
0.0,0.40051088676938185,-0.18720999385121095,0.645715069575743
0.0,0.40055658997104115,-0.18714020313318042,0.6456773105474416
0.0,0.40060571099796893,-0.18707397425826114,0.6456428096690158
0.0,0.40065246031553353,-0.1870065732173879,0.6456068032875114
0.0,0.40070077942465276,-0.18693491842893417,0.6455715315708088
0.0,0.4007474106959333,-0.18686767276403565,0.6455358845677013
0.0,0.4007937166231027,-0.18680104467810357,0.6454998441951597
0.0,0.40083892513791197,-0.18673454806763687,0.6454653988932237
0.0,0.4008871825434527,-0.1866653991915811,0.6454330866262844
0.0,0.4009323287840536,-0.1865948905605738,0.645396166186237
0.0,0.4009783873438969,-0.18652891044554498,0.6453647628252188
0.0,0.4010247816998148,-0.18645813962121652,0.6453309242948077
0.0,0.4010686911630201,-0.1863927682416057,0.6452972565074199
0.0,0.401113717537873,-0.18632631203985903,0.6452623929942003
0.0,0.40115448597388637,-0.18626257216646258,0.6452318646522277
0.0,0.40120029031015536,-0.18619292811154398,0.6451979799211616
0.0,0.4012470333486582,-0.1861244972532138,0.6451670129485189
0.0,0.40129184755969904,-0.18605618849148414,0.6451338135642539
0.0,0.40133770744110114,-0.1859896386742546,0.6451028110174132
0.0,0.40138272843906514,-0.18592299770023102,0.6450679489017702
0.0,0.40142982974643854,-0.1858547644890312,0.6450313966149882
0.0,0.40147271044852084,-0.18578849908844614,0.6450039220759877
0.0,0.40151797345949103,-0.1857227730460151,0.6449683486607155
0.0,0.4015598051028418,-0.18565843381240052,0.6449360928097885
0.0,0.4016026913165047,-0.18559325383207073,0.6449030195691444
0.0,0.4016481082115385,-0.18552400995373863,0.6448691128395435
0.0,0.40169084271958366,-0.18546063353797682,0.6448354685122111
0.0,0.40173364323510363,-0.18539402658934837,0.644803315149578
0.0,0.40178086237558297,-0.18532516659128664,0.6447668145283219
0.0,0.40182278852905934,-0.1852604208468282,0.6447346336298264
0.0,0.4018663713277998,-0.18519457665542072,0.6447059524826624
0.0,0.401910242903881,-0.18512614621430606,0.6446733127747639
0.0,0.4019508166958232,-0.18506498708761485,0.6446406151877961
0.0,0.4019956197048941,-0.18499752375311104,0.6446062774089304
0.0,0.4020377518857303,-0.1849332002099208,0.6445780261633328
0.0,0.402081983703842,-0.18486534202181862,0.6445445180619224
0.0,0.4021271624938727,-0.18479727172425497,0.6445148656866337
0.0,0.40216899855679167,-0.1847354376376753,0.6444808601337616
0.0,0.40221303347010906,-0.18466829980933572,0.644452022302978
0.0,0.4022558530459247,-0.18460495639342556,0.6444175344074065
0.0,0.4022971132326101,-0.1845426948916024,0.6443843660876873
0.0,0.40234040244557245,-0.1844775092881863,0.6443499644219525
0.0,0.4023806850397169,-0.18441314436805603,0.6443241790561224
0.0,0.40242432238879744,-0.18434859994421007,0.6442892871520937
0.0,0.4024656596460923,-0.18428417134568598,0.6442619357262802
0.0,0.40250611831020566,-0.1842236361422374,0.6442287984540844
0.0,0.40255146474868825,-0.18415443206807183,0.6441943854429282
0.0,0.4025933696254903,-0.18409086053313534,0.6441656956781877
0.0,0.40263551773546036,-0.1840267346345732,0.6441372888845462
0.0,0.4026759344853409,-0.18396496454730454,0.6440996698374085
0.0,0.40271817652075714,-0.1839004499980296,0.6440712966176658
0.0,0.4027582954760527,-0.18383804112897117,0.6440394220469462
0.0,0.4027989760450378,-0.1837728821366303,0.6440085180152927
0.0,0.4028401651350233,-0.18370910984292763,0.6439807452350266
0.0,0.40288041070424374,-0.18364933501059905,0.6439474098607236
0.0,0.4029227205663693,-0.18358455516130484,0.6439187378666055
0.0,0.4029644828089794,-0.18352056458248522,0.6438856238888744
0.0,0.40308414515734525,-0.18333471956814057,0.6437990963835721
0.0,0.4031225572142114,-0.18327046008642595,0.6437704007125973
0.0,0.40316148394523355,-0.18320961031042768,0.6437386837144381
0.0,0.40320284003519663,-0.18314654255723267,0.6437098714619528
0.0,0.4032409176588366,-0.1830875067043085,0.6436784382865807
0.0,0.40328000996669217,-0.1830280441466148,0.6436506189327734
0.0,0.4033192117295288,-0.18296643663680884,0.643619171553025
0.0,0.40335955117146094,-0.18290180371232004,0.6435925822924723
0.0,0.40339815111502475,-0.18284153570447992,0.6435611496048183
0.0,0.4034352164910303,-0.18278261955201505,0.6435355016878447
0.0,0.40347429111923855,-0.18272342480659004,0.6435024909275162
0.0,0.4035117911508753,-0.18266544465682102,0.6434708236478885
0.0,0.4035477574685,-0.18260624875728282,0.6434420752244348
0.0,0.40358609463497785,-0.18254664514685684,0.6434149802077109
0.0,0.40362384136172336,-0.18248601506745046,0.6433892692206061
0.0,0.4036612927028045,-0.1824280463843602,0.6433576471437829
0.0,0.40369910519888097,-0.18237023083290257,0.6433301908061637
0.0,0.4037360726028509,-0.18230859802596705,0.6433011890313296
0.0,0.40377539522369743,-0.18224958474263966,0.6432723405467372
0.0,0.4038118280872222,-0.18218829259123642,0.6432437019569168
0.0,0.4038496264833843,-0.18213178447000666,0.6432152663650899
0.0,0.40388314301197,-0.18207624325314015,0.6431873034049512
0.0,0.4039205302879693,-0.18201837530672796,0.6431602609238248
0.0,0.4039571218019423,-0.1819611200805703,0.6431288799424276
0.0,0.40399270109766283,-0.18190498117174808,0.6431030489789464
0.0,0.4040307986675724,-0.18184582259292364,0.6430705265812731
0.0,0.4040645243357488,-0.1817899755741238,0.6430469059696032
0.0,0.40410143206870164,-0.18173112591132817,0.6430160395350337
0.0,0.4041359285509844,-0.18167269224687035,0.6429929287426696
0.0,0.4041723285330048,-0.181613414646211,0.6429627821426063
0.0,0.4042072459126648,-0.18155472356811186,0.6429388850001698
0.0,0.404241347592573,-0.18150018407348595,0.6429138949845677
0.0,0.40427697944295515,-0.18144474862133506,0.6428821250114087
0.0,0.40431177865000767,-0.18138627423894027,0.642858528020765
0.0,0.404345611211848,-0.18133112119882025,0.6428292610123714
0.0,0.4043817999372314,-0.1812724239132899,0.642803530581624
0.0,0.4044176141672434,-0.18121237630388282,0.642779415652527
0.0,0.404450914166971,-0.18115672852326853,0.6427509892415415
0.0,0.4044859612136411,-0.1810989908555344,0.6427261054465556
0.0,0.4045206939032909,-0.18104280693295682,0.6427008014001874
0.0,0.4045555942324907,-0.18098258705756115,0.6426727507748637
0.0,0.40459010070340606,-0.18092829536730087,0.642646800678391
0.0,0.40462348107154983,-0.18086993646994076,0.6426193228590352
0.0,0.4046579812741614,-0.1808155808446757,0.6425934492563158
0.0,0.40469157161010133,-0.18076099627091158,0.6425685289497118
0.0,0.40472637647858745,-0.18070393606772775,0.6425385066818606
0.0,0.40476101079207244,-0.18064684107743223,0.6425135606380669
0.0,0.4047944275528776,-0.18059065463887397,0.6424851957029246
0.0,0.4048272954966365,-0.18053601802908725,0.6424610933945069
0.0,0.4048624943137707,-0.1804771088839623,0.6424315042502059
0.0,0.40489777067087895,-0.18041919385275368,0.6424061619214139
0.0,0.40492846564676677,-0.18036552960255112,0.6423842265938652
0.0,0.4049626948085371,-0.18030769790297033,0.642360205647509
0.0,0.4049967337009076,-0.18025203044735666,0.642330052144168
0.0,0.4050302461599843,-0.1801926518789474,0.642308223715164
0.0,0.4050622820936516,-0.1801384615974734,0.6422797371555085
0.0,0.40509439796684854,-0.18008218059852382,0.6422574846696933
0.0,0.4051256305429996,-0.18002824152890473,0.6422299051845466
0.0,0.40515958683045694,-0.17996998772297726,0.6422063278147652
0.0,0.4051914346238979,-0.1799130840541685,0.6421797308360601
0.0,0.4052233717557339,-0.17986012832106452,0.6421555908135576
0.0,0.40525666352009726,-0.1798036664573797,0.642126749942052
0.0,0.4052892628559881,-0.17974454026014558,0.6421052374144546
0.0,0.4053208921624754,-0.17969022437398174,0.6420768474451918
0.0,0.40535309351002696,-0.1796334547376886,0.6420544238879349
0.0,0.4053842125698981,-0.17957875450604294,0.6420272505740183
0.0,0.4054153685817933,-0.17952273419461798,0.6420056696622362
0.0,0.4054464440522513,-0.17946572965027374,0.6419795702309413
0.0,0.4054760766449408,-0.1794143239246566,0.641952357690125
0.0,0.4055078562621899,-0.17935761738464093,0.6419302809785747
0.0,0.4055386273644662,-0.17930196563057915,0.641903561317752
0.0,0.40556906228561435,-0.17924666419278765,0.6418824672503459
0.0,0.40560058561986756,-0.17918923415780322,0.641856084558915
0.0,0.405629500483618,-0.17913618449913346,0.6418303422189109
0.0,0.4056604061586857,-0.17908118262606917,0.6418079005529364
0.0,0.40569055181441127,-0.17902671285332553,0.6417811162908272
0.0,0.40572019851014596,-0.178972242221904,0.6417600863274144
0.0,0.40575019308682975,-0.17891884099276556,0.6417332070616384
0.0,0.4057778494583673,-0.17886843201705518,0.6417072354171388
0.0,0.40580730441339097,-0.17881661276359478,0.6416848175191819
0.0,0.4058348808994569,-0.1787648294271606,0.6416597841088435
0.0,0.4058630450353618,-0.1787108474287254,0.6416352379500302
0.0,0.4058905650052069,-0.17865871391151497,0.6416154757704207
0.0,0.40592150001275895,-0.17860446587704604,0.6415870569058334
0.0,0.4059479776314303,-0.17855314185406115,0.6415680770419087
0.0,0.4059766368248818,-0.1784993649535076,0.641542580609665
0.0,0.40600415989631244,-0.17844749720452294,0.6415172949586748
0.0,0.4060307862145834,-0.17839965206233388,0.6414960703035104
0.0,0.4060586261236597,-0.17834613631292695,0.6414711377474864
0.0,0.4060851435937236,-0.17829490042231422,0.6414470011740263
0.0,0.4061098041160616,-0.17824918654861788,0.6414270664041642
0.0,0.4061371568534275,-0.1781967527402187,0.6414022061924681
0.0,0.40616170087393405,-0.17814776917883965,0.6413791018983481
0.0,0.40618698224679567,-0.17810201422832653,0.6413581834524694
0.0,0.4062126043046898,-0.17805352086556833,0.6413332277206291
0.0,0.4062395929138912,-0.17800262842992295,0.6413078448146947
0.0,0.40626408837213446,-0.17795329722627037,0.6412900883338096
0.0,0.4062889439315882,-0.17790567720123468,0.6412655092871928
0.0,0.4063134784430706,-0.1778572704573227,0.6412418276661722
0.0,0.40633744180495646,-0.1778098549225074,0.6412233426005483
0.0,0.4063618320404014,-0.17776096838799918,0.6412004612165446
0.0,0.40638550564410303,-0.1777141120812149,0.6411818257925368
0.0,0.4064095362130074,-0.1776667455738013,0.6411580391691557
0.0,0.4064323890422008,-0.17762205924930383,0.6411346369757199
0.0,0.40645464969770023,-0.1775771801591548,0.6411117618839233
0.0,0.4064777885644278,-0.1775314945525806,0.6410932117722057
0.0,0.4065017232907158,-0.17748811217123037,0.6410672145442246
0.0,0.4065227382129029,-0.17744289346189424,0.6410459922233199
0.0,0.406545571829084,-0.17739775524236154,0.641027374883436
0.0,0.4065675391202344,-0.17735337189016526,0.6410043956162822
0.0,0.40659043166532916,-0.1773091417197748,0.6409801286180037
0.0,0.40661054626529736,-0.17726590995479646,0.6409589449272944
0.0,0.406631434084575,-0.1772244126033853,0.6409406696364539
0.0,0.4066549972464275,-0.1771792602649444,0.6409156325262867
0.0,0.40667603577010836,-0.17713503014769633,0.6408987447837511
0.0,0.4066950657381968,-0.17709496024136678,0.640877013723306
0.0,0.406716079799579,-0.1770526312613266,0.6408540790090711
0.0,0.40673921030055316,-0.17701005342349027,0.6408282525834013
0.0,0.40675810564678994,-0.17696758124984657,0.6408130255467823
0.0,0.40677893005079735,-0.1769263459484245,0.6407892992699329
0.0,0.406798308738253,-0.17688902297907158,0.6407703232931343
0.0,0.40681817689117206,-0.1768468901995872,0.6407486216051119
0.0,0.40683698047143724,-0.17680531873879143,0.6407327377976367
0.0,0.40685544550768354,-0.17676728129854496,0.6407103242657858
0.0,0.4068735971286259,-0.17672983690910482,0.6406878194277393
0.0,0.406894179081309,-0.17669032086851172,0.6406680884160478
0.0,0.4069128123757265,-0.17665182312452052,0.6406459873677253
0.0,0.40693132732888526,-0.17661199256061044,0.6406241202663536
0.0,0.4069481469942895,-0.17657572233071528,0.6406079715684678
0.0,0.40696683067294437,-0.1765393336138982,0.6405842472980574
0.0,0.40698425091119095,-0.17650359664561216,0.6405617821331456
0.0,0.40700185100741976,-0.17646653985160243,0.6405396717437374
0.0,0.4070205138500118,-0.176429056098758,0.6405214616300129
0.0,0.4070352463514435,-0.17639471580829336,0.6405015118563963
0.0,0.40705415860095967,-0.17635814979457282,0.6404824322930445
0.0,0.4070699128826208,-0.17632454115697635,0.640460698242234
0.0,0.40708536754636115,-0.17628777325660733,0.6404411981383594
0.0,0.4070999511095945,-0.17625294972773478,0.6404216673611108
0.0,0.40711543405584405,-0.1762203462964266,0.6404045481901476
0.0,0.4071285463956885,-0.17618661236023436,0.6403862671247658
0.0,0.407141960342301,-0.17615164334721367,0.6403632494833352
0.0,0.4071560126548161,-0.17611843851338393,0.6403483226820388
0.0,0.4071680743312353,-0.17608555880781107,0.6403309913926033
0.0,0.4071804225097112,-0.1760547332534698,0.6403168865160992
0.0,0.4071933570962671,-0.17601971072691047,0.6402993322462145
0.0,0.4072085307204422,-0.17598647785976979,0.640277906776934
0.0,0.4072201502984276,-0.17595446675454524,0.6402602650385517
0.0,0.40723238046841476,-0.17592374390989918,0.6402459551192021
0.0,0.4072457977854194,-0.17589291678768681,0.6402251802079778
0.0,0.4072580429593208,-0.17586322313891786,0.640205242115085
0.0,0.4072708749327857,-0.17582866949958137,0.6401919573804528
0.0,0.4072831556732165,-0.17579878695682288,0.6401719129420362
0.0,0.40729445182379465,-0.17577045669117494,0.6401521142345518
0.0,0.40730481801710644,-0.17574034226633783,0.6401347956518457
0.0,0.40731916571027404,-0.1757091361299542,0.6401174087836102
0.0,0.4073282644615436,-0.17567885463607816,0.6401014065931707
0.0,0.40734005720981803,-0.17565073492892647,0.6400804954338981
0.0,0.40734937262488585,-0.1756227204770965,0.6400679768341223
0.0,0.407359503367375,-0.17559379390407526,0.6400497872172448
0.0,0.40736841175127214,-0.17556614309045238,0.6400324858474371
0.0,0.407378776226101,-0.17553740441824084,0.6400135454757998
0.0,0.4073883588863414,-0.17551021438217795,0.6399999969654644
0.0,0.40739667847345795,-0.17548398268271725,0.639982686388576
0.0,0.40740540267320335,-0.17545824054003276,0.6399639770905485
0.0,0.4074125160851724,-0.1754315804353499,0.6399480218853215
0.0,0.40742081775327915,-0.17540731005547278,0.6399341349562611
0.0,0.4074301372127592,-0.17538215570317023,0.6399193043047555
0.0,0.40743635032349357,-0.1753552642133588,0.6399043099204024
0.0,0.4074460573715825,-0.1753278961610263,0.6398852712926264
0.0,0.4074501391804201,-0.17530649168467277,0.6398753381293247
0.0,0.4074577180784968,-0.17528179603124389,0.6398574972977645
0.0,0.40746450179043303,-0.17525884845204437,0.6398393534997978
0.0,0.4074727370634753,-0.17523456435064244,0.6398250268431317
0.0,0.40747773505933155,-0.17521436742961893,0.6398081303763268
0.0,0.4074860216598018,-0.17518996919870122,0.6397938903254754
0.0,0.40749131616259243,-0.17517133513224437,0.6397752502574311
0.0,0.40749652464237224,-0.17514858202148176,0.6397639326524046
0.0,0.40750384146827523,-0.17512659491027507,0.6397442305678259
0.0,0.40750830971540775,-0.17510801794313413,0.6397319284872984
0.0,0.4075127004797914,-0.17508666517577098,0.639715841732964
0.0,0.4075154976462432,-0.17506672263931505,0.6397011283965374
0.0,0.4075199745409918,-0.1750488662813231,0.6396877141843276
0.0,0.4075242820247208,-0.17502841146200246,0.6396710603645962
0.0,0.40752903118808725,-0.17500825017488136,0.6396588268725365
0.0,0.40753226600050896,-0.17498956303781418,0.6396427121926963
0.0,0.40753604598047155,-0.17497325466470576,0.6396295643044555
0.0,0.407538478837838,-0.17495565215746733,0.6396135031648268
0.0,0.407542325170113,-0.17493836409312008,0.6396007593540002
0.0,0.4075451510662675,-0.174922122365615,0.639583363885099
0.0,0.4075489152144558,-0.1749050017768464,0.639570662099322
0.0,0.4075524887961159,-0.1748869814119454,0.6395532835860762
0.0,0.4075536061534817,-0.17487163072789622,0.6395379403126087
0.0,0.407556634909643,-0.1748564536660605,0.6395195967485151
0.0,0.407557778700398,-0.1748391406907241,0.6395102918170155
0.0,0.4075602301883308,-0.17482339954460144,0.6394979600677633
0.0,0.40756072299707363,-0.17480711144428868,0.6394836490772955
0.0,0.4075603039230235,-0.17479288962382722,0.6394692437009549
0.0,0.40756206093883435,-0.17477565105833523,0.6394587485422506
0.0,0.4075620725174115,-0.17476126029122174,0.6394441589111918
0.0,0.40756335968882784,-0.17474381192353805,0.6394292880878725
0.0,0.40756313202530237,-0.17472808119585276,0.6394204731547714
0.0,0.4075629500487168,-0.1747141128541629,0.6394055689006702
0.0,0.4075620328103815,-0.17470068286449042,0.6393961981563535
0.0,0.4075620038967037,-0.1746854700647234,0.6393816701254077
0.0,0.4075609465730661,-0.17467177984327542,0.6393671229689519
0.0,0.4075591295010299,-0.17465810065657286,0.6393590243142537
0.0,0.40755896320567125,-0.17464394260969396,0.6393440416618469
0.0,0.4075552353850761,-0.17463269054321773,0.6393320439973467
0.0,0.4075546999992361,-0.17461439366621195,0.6393249644694212
0.0,0.40755406057069865,-0.1746014036373727,0.639309709493614
0.0,0.4075515586722216,-0.17458771568246848,0.6393024897283544
0.0,0.4075511642540869,-0.17457248721034382,0.639288054843485
0.0,0.407548311024547,-0.17455962801477792,0.6392807962707601
0.0,0.4075449269456474,-0.17454584885368055,0.6392694155539957
0.0,0.4075432537470466,-0.17453407974052404,0.6392595724486173
0.0,0.4075406535238103,-0.174519330876225,0.6392481534495172
0.0,0.4075373259104371,-0.1745075003571652,0.6392405130476257
0.0,0.4075353016165191,-0.17449291838544168,0.6392279025003733
0.0,0.40753169096745967,-0.1744797641126744,0.6392165882599357
0.0,0.4075275883517347,-0.17446925450826384,0.6392044622639113
0.0,0.4075236719078331,-0.17445733434123442,0.6391978751229304
0.0,0.4075198101033674,-0.1744435612079419,0.6391919838544008
0.0,0.40751428267144846,-0.17443479783588983,0.6391804603903132
0.0,0.40750952103110544,-0.17442345548962473,0.6391694177026618
0.0,0.40750534322727344,-0.17441444399500466,0.639161390502455
0.0,0.4075012338579268,-0.17439967954121152,0.6391566122557597
0.0,0.40749554893745576,-0.17438829553251656,0.6391470100498814
0.0,0.4074928168114027,-0.17437419177395375,0.639139892954365
0.0,0.40748499334121535,-0.17436538958841327,0.6391315374757006
0.0,0.4074787973636323,-0.17435482284067688,0.6391270145871979
0.0,0.4074730163973982,-0.17434502744688207,0.6391164406525809
0.0,0.40746696811113314,-0.17433715809758096,0.6391097277094382
0.0,0.4074604850152911,-0.1743278708320478,0.6391043366026258
0.0,0.4074528081478148,-0.1743183576096304,0.6391008214866909
0.0,0.40744500207479273,-0.17430938390818063,0.6390921113778071
0.0,0.40743897735318757,-0.17429990232404585,0.6390867057977777
0.0,0.4074289343574853,-0.17429459777168957,0.6390786910913665
0.0,0.4074203438548709,-0.17428554192258702,0.6390762022198816
0.0,0.4074109383958392,-0.17427798374762324,0.639068715874456
0.0,0.40740312746702334,-0.17427254560513636,0.6390628309033981
0.0,0.40739353820365076,-0.1742669173945688,0.6390544247948573
0.0,0.40738537906077416,-0.17425997318894845,0.6390498274144051
0.0,0.4073755160680587,-0.1742557493325448,0.6390406553591639
0.0,0.40736669386052804,-0.17424809523851148,0.639037470481295
0.0,0.40735650677531604,-0.1742428106328432,0.639034327927445
0.0,0.40734529560422034,-0.17423549129689367,0.6390290708406949
0.0,0.40733511790970167,-0.17423179479550216,0.639025338874593
0.0,0.4073256481612646,-0.17422421879429645,0.6390178125795212
0.0,0.4073133980633865,-0.17422449853108066,0.6390140214271741
0.0,0.4073018957376935,-0.17421833093922062,0.6390132976208796
0.0,0.40729087814875253,-0.17421360434130823,0.6390057816545003
0.0,0.4072793375647966,-0.1742122128707274,0.6390020584577766
0.0,0.40726808477746357,-0.17420854168884678,0.6389992491388296
0.0,0.407257220484168,-0.17420263066612945,0.6389922003792209
0.0,0.4072440786675699,-0.1742025603865884,0.6389896301666538
0.0,0.4072323847560526,-0.174199405844001,0.6389823481812088
0.0,0.4072194562167456,-0.17419420559844856,0.6389827313132768
0.0,0.4072063239349447,-0.174192055706374,0.6389764280909701
0.0,0.40719453583135473,-0.17418809823675735,0.6389746476502784
0.0,0.40718213105340695,-0.17418469911200993,0.6389731777797711
0.0,0.4071694481615902,-0.17418307655136858,0.6389660368520415
0.0,0.40715623004671475,-0.17418005815498808,0.6389657604942764
0.0,0.4071431210149413,-0.17417594804132222,0.6389656294837144
0.0,0.40712911992096135,-0.17417582469223747,0.6389593222682459
0.0,0.40711375331136385,-0.17417260071810903,0.6389564684162029
0.0,0.4070980272285998,-0.17417315293820118,0.6389573966810494
0.0,0.40708563838706213,-0.17416811449382294,0.638956565041544
0.0,0.40706884784903835,-0.17416903459669303,0.6389533067632954
0.0,0.4070541648618876,-0.1741678015993392,0.6389534020521729
0.0,0.40703848772898116,-0.17416732707824156,0.6389540565724362
0.0,0.40702533615048087,-0.17416473669837637,0.6389525861853024
0.0,0.40701004562662935,-0.1741649257543039,0.6389526446058057
0.0,0.40699495428165855,-0.17416539538235293,0.6389520741103293
0.0,0.40697930686876094,-0.17416206885007812,0.6389498322749038
0.0,0.4069637227207751,-0.174162986628072,0.6389500221633234
0.0,0.40694706963150684,-0.17416401549475766,0.6389512066858898
0.0,0.40693255514785104,-0.17416186821352952,0.6389463562499653
0.0,0.40691615332962,-0.17416385673308737,0.6389466255224333
0.0,0.4068994085705636,-0.17416273234286672,0.6389493566946878
0.0,0.4068837099403423,-0.17416461845595907,0.6389487461748157
0.0,0.4068655225588793,-0.1741652919187423,0.6389520384823167
0.0,0.4068474811642523,-0.17416559490411532,0.6389552820120811
0.0,0.4068284871185209,-0.1741677117873422,0.6389538569070936
0.0,0.40680875455320564,-0.17417096149253145,0.6389627288003665
0.0,0.40679285171712265,-0.17416880574994234,0.6389595266596854
0.0,0.4067743486689663,-0.1741714202052511,0.6389669941991979
0.0,0.4067555468003665,-0.17417593626593336,0.6389686699901594
0.0,0.40673822734965814,-0.17417525993787178,0.6389712332685767
0.0,0.40671869304784825,-0.17417987617558373,0.6389740576809696
0.0,0.4066992084904073,-0.1741828015240936,0.6389777766038882
0.0,0.40667843338888443,-0.17418719613482617,0.6389822766954125
